Time	Lead II
0	0
0.01	0
0.02	0
0.03	0
0.04	0
0.05	0
0.06	0
0.07	0
0.08	0
0.09	0
0.1	0
0.11	0
0.12	0
0.13	0
0.14	0
0.15	0
0.16	0
0.17	0
0.18	0
0.19	0
0.2	0
0.21	0
0.22	0
0.23	0
0.24	0
0.25	0
0.26	0
0.27	0
0.28	0
0.29	0
0.3	0
0.31	0
0.32	0
0.33	0
0.34	0
0.35	0
0.36	0
0.37	0
0.38	0
0.39	0
0.4	0
0.41	0
0.42	0
0.43	0
0.44	0
0.45	0
0.46	0
0.47	0
0.48	0
0.49	0
0.5	0
0.51	0
0.52	0
0.53	0
0.54	0
0.55	0
0.56	0
0.57	0
0.58	0
0.59	0
0.6	0
0.61	0
0.62	0
0.63	0
0.64	0
0.65	0
0.66	0
0.67	0
0.68	0
0.69	0
0.7	0
0.71	0
0.72	0
0.73	0
0.74	0
0.75	0
0.76	0
0.77	0
0.78	0
0.79	0
0.8	0
0.81	0
0.82	0
0.83	0
0.84	0
0.85	0
0.86	0
0.87	0
0.88	0
0.89	0
0.9	0
0.91	0
0.92	0
0.93	0
0.94	0
0.95	0
0.96	0
0.97	0
0.98	0
0.99	0
1	0
1.01	0
1.02	0
1.03	0
1.04	0
1.05	0
1.06	0
1.07	0
1.08	0
1.09	0
1.1	0
1.11	0
1.12	0
1.13	0
1.14	0
1.15	0
1.16	0
1.17	0
1.18	0
1.19	0
1.2	0
1.21	0
1.22	0
1.23	0
1.24	0
1.25	0
1.26	0
1.27	0
1.28	0
1.29	0
1.3	0
1.31	0
1.32	0
1.33	0
1.34	0
1.35	0
1.36	0
1.37	0
1.38	0
1.39	0
1.4	0
1.41	0
1.42	0
1.43	0
1.44	0
1.45	0
1.46	0
1.47	0
1.48	0
1.49	0
1.5	0
1.51	0
1.52	0
1.53	0
1.54	0
1.55	0
1.56	0
1.57	0
1.58	0
1.59	0
1.6	0
1.61	0
1.62	0
1.63	0
1.64	0
1.65	0
1.66	0
1.67	0
1.68	0
1.69	0
1.7	0
1.71	0
1.72	0
1.73	0
1.74	0
1.75	0
1.76	0
1.77	0
1.78	0
1.79	0
1.8	0
1.81	0
1.82	0
1.83	0
1.84	0
1.85	0
1.86	0
1.87	0
1.88	0
1.89	0
1.9	0
1.91	0
1.92	0
1.93	0
1.94	0
1.95	0
1.96	0
1.97	0
1.98	0
1.99	0
2	-0.0180083
2.01	-0.0368378
2.02	0.439308
2.03	1.02432
2.04	1.40228
2.05	1.55684
2.06	1.5526
2.07	1.68008
2.08	1.77594
2.09	1.72203
2.1	1.52489
2.11	1.33708
2.12	1.47256
2.13	1.50381
2.14	1.36758
2.15	1.17167
2.16	0.947913
2.17	0.858178
2.18	0.669408
2.19	0.460432
2.2	0.259683
2.21	0.0662026
2.22	-0.0778771
2.23	-0.230845
2.24	-0.251087
2.25	-0.217129
2.26	-0.277406
2.27	-0.385188
2.28	-0.566742
2.29	-0.346681
2.3	0.249846
2.31	0.471346
2.32	0.127367
2.33	-0.468731
2.34	-0.827849
2.35	-0.9573
2.36	-1.05567
2.37	-1.06315
2.38	-1.1369
2.39	-1.16093
2.4	-1.16568
2.41	-1.20202
2.42	-1.17143
2.43	-1.2097
2.44	-1.14776
2.45	-1.00673
2.46	-0.996347
2.47	-0.943545
2.48	-0.931512
2.49	-0.886749
2.5	-0.817667
2.51	-0.782114
2.52	-0.67915
2.53	-0.673175
2.54	-0.64111
2.55	-0.59043
2.56	-0.599869
2.57	-0.540337
2.58	-0.551129
2.59	-0.50217
2.6	-0.448902
2.61	-0.452194
2.62	-0.318573
2.63	-0.234436
2.64	-0.135906
2.65	-0.0623173
2.66	-0.0664245
2.67	0.00319488
2.68	-0.0277499
2.69	-0.0225964
2.7	0.0363063
2.71	0.0397235
2.72	0.078525
2.73	0.0714373
2.74	0.142466
2.75	0.173228
2.76	0.19491
2.77	0.638991
2.78	1.21973
2.79	1.42484
2.8	1.13129
2.81	0.739459
2.82	0.632837
2.83	0.589617
2.84	0.645836
2.85	0.724152
2.86	0.783835
2.87	0.940573
2.88	0.983427
2.89	1.05637
2.9	1.18153
2.91	1.28892
2.92	1.46898
2.93	1.5453
2.94	1.6414
2.95	1.77525
2.96	1.85085
2.97	2.00882
2.98	2.14083
2.99	2.30236
3	2.42938
3.01	2.48969
3.02	2.67164
3.03	2.72207
3.04	2.78656
3.05	2.91655
3.06	3.02704
3.07	3.2213
3.08	3.37301
3.09	3.59904
3.1	3.82937
3.11	3.98464
3.12	4.2314
3.13	4.53888
3.14	4.91386
3.15	5.18864
3.16	5.22622
3.17	4.90003
3.18	4.18571
3.19	3.70585
3.2	3.6122
3.21	3.67483
3.22	3.86984
3.23	4.09292
3.24	4.56854
3.25	5.38789
3.26	6.63626
3.27	7.93285
3.28	8.40295
3.29	8.20593
3.3	7.8964
3.31	7.63706
3.32	7.46337
3.33	7.38215
3.34	7.46882
3.35	7.5061
3.36	7.28247
3.37	6.84424
3.38	5.99847
3.39	4.64874
3.4	2.75204
3.41	0.366952
3.42	-2.10267
3.43	-3.67212
3.44	-3.78552
3.45	-3.32922
3.46	-3.11963
3.47	-2.79106
3.48	-2.04618
3.49	-0.834464
3.5	0.556607
3.51	1.69223
3.52	2.2794
3.53	1.76225
3.54	0.286409
3.55	-2.22707
3.56	-6.23117
3.57	-11.6229
3.58	-17.6639
3.59	-21.8028
3.6	-22.6694
3.61	-21.5642
3.62	-19.8769
3.63	-18.0707
3.64	-16.049
3.65	-13.9182
3.66	-12.0774
3.67	-10.5776
3.68	-9.52141
3.69	-9.06524
3.7	-9.19079
3.71	-10.2413
3.72	-11.5983
3.73	-12.8277
3.74	-13.8428
3.75	-14.1609
3.76	-13.539
3.77	-12.4764
3.78	-11.8342
3.79	-11.3833
3.8	-10.592
3.81	-9.42169
3.82	-8.07864
3.83	-6.85715
3.84	-5.82185
3.85	-4.95093
3.86	-4.18997
3.87	-3.37039
3.88	-2.6152
3.89	-1.8675
3.9	-1.17242
3.91	-0.581091
3.92	-0.0132301
3.93	0.38734
3.94	0.772764
3.95	1.21298
3.96	1.61484
3.97	2.02428
3.98	2.346
3.99	2.67018
4	2.94493
4.01	3.07062
4.02	3.21079
4.03	3.26877
4.04	3.31243
4.05	3.39949
4.06	3.46641
4.07	3.59181
4.08	3.7109
4.09	3.72023
4.1	3.67681
4.11	3.6673
4.12	3.78957
4.13	3.92986
4.14	4.06271
4.15	4.15434
4.16	4.13895
4.17	4.1395
4.18	4.06889
4.19	3.97676
4.2	3.89788
4.21	3.80651
4.22	3.79944
4.23	3.78651
4.24	3.75211
4.25	3.8516
4.26	4.19764
4.27	4.72026
4.28	4.79023
4.29	4.43704
4.3	4.09879
4.31	3.86664
4.32	3.80861
4.33	3.79978
4.34	3.7869
4.35	3.78248
4.36	3.74133
4.37	3.76018
4.38	3.73227
4.39	3.71315
4.4	3.75977
4.41	3.76097
4.42	3.79781
4.43	3.79114
4.44	3.79746
4.45	3.80945
4.46	3.71697
4.47	3.66678
4.48	3.59449
4.49	3.49535
4.5	3.51304
4.51	3.54992
4.52	3.59187
4.53	3.62774
4.54	3.60358
4.55	3.54507
4.56	3.45669
4.57	3.40251
4.58	3.23216
4.59	2.99273
4.6	2.55737
4.61	1.74651
4.62	0.401519
4.63	-1.86904
4.64	-4.68224
4.65	-6.64767
4.66	-7.05397
4.67	-6.32865
4.68	-5.39937
4.69	-4.68679
4.7	-4.20915
4.71	-4.02111
4.72	-3.79406
4.73	-3.58797
4.74	-3.36198
4.75	-3.07162
4.76	-2.87137
4.77	-2.50254
4.78	-1.85359
4.79	-1.22033
4.8	-1.07402
4.81	-1.30266
4.82	-1.43044
4.83	-1.44153
4.84	-1.37466
4.85	-1.27754
4.86	-1.23958
4.87	-1.12032
4.88	-1.05867
4.89	-1.05
4.9	-1.00693
4.91	-0.993373
4.92	-0.90164
4.93	-0.848477
4.94	-0.821234
4.95	-0.775308
4.96	-0.740055
4.97	-0.602355
4.98	-0.525106
4.99	-0.469497
5	-0.374776
5.01	-0.3535
5.02	-0.282612
5.03	-0.24709
5.04	-0.246081
5.05	-0.186366
5.06	-0.161688
5.07	-0.0968588
5.08	-0.048947
5.09	0.0112082
5.1	0.0832487
5.11	0.0697319
5.12	0.119638
5.13	0.145227
5.14	0.204503
5.15	0.328597
5.16	0.367992
5.17	0.422112
5.18	0.440834
5.19	0.424468
5.2	0.401566
5.21	0.328451
5.22	0.335169
5.23	0.293351
5.24	0.281084
5.25	0.286004
5.26	0.229804
5.27	0.1939
5.28	0.20372
5.29	0.415016
5.3	0.966325
5.31	1.39305
5.32	1.22757
5.33	0.798288
5.34	0.47694
5.35	0.319019
5.36	0.242488
5.37	0.189045
5.38	0.140931
5.39	0.167979
5.4	0.184511
5.41	0.180962
5.42	0.195152
5.43	0.180463
5.44	0.166124
5.45	0.190785
5.46	0.198981
5.47	0.222014
5.48	0.262296
5.49	0.252655
5.5	0.24661
5.51	0.22055
5.52	0.204421
5.53	0.207754
5.54	0.232542
5.55	0.251545
5.56	0.207431
5.57	0.173744
5.58	0.137434
5.59	0.0925656
5.6	0.0851315
5.61	0.110772
5.62	0.151529
5.63	0.0636919
5.64	0.11167
5.65	0.169412
5.66	0.25363
5.67	0.316921
5.68	0.363604
5.69	0.381229
5.7	0.316008
5.71	0.262389
5.72	0.175717
5.73	0.101861
5.74	0.0576339
5.75	-0.0150172
5.76	-0.0250105
5.77	-0.0426621
5.78	-0.0846307
5.79	-0.0753671
5.8	0.0699613
5.81	0.644577
5.82	1.15915
5.83	1.02514
5.84	0.597824
5.85	0.222411
5.86	0.107953
5.87	0.0933144
5.88	0.0693869
5.89	0.0768711
5.9	0.0435719
5.91	0.0640802
5.92	0.0476902
5.93	0.0157951
5.94	0.0215123
5.95	-0.0176103
5.96	-0.00458989
5.97	-0.0207355
5.98	0.0083468
5.99	0.0235549
6	-0.0640483
6.01	-0.0413351
6.02	-0.0260286
6.03	-0.0391787
6.04	0.0338999
6.05	0.0926759
6.06	0.152811
6.07	0.180717
6.08	0.181847
6.09	0.190725
6.1	0.159542
6.11	0.183838
6.12	0.184051
6.13	0.182326
6.14	0.16291
6.15	0.105557
6.16	0.145197
6.17	0.240257
6.18	0.293897
6.19	0.340309
6.2	0.326978
6.21	0.337816
6.22	0.359192
6.23	0.308738
6.24	0.263307
6.25	0.193873
6.26	0.16647
6.27	0.0938468
6.28	0.0227292
6.29	0.0063434
6.3	-0.0551996
6.31	0.101017
6.32	0.670192
6.33	1.20301
6.34	1.14246
6.35	0.639666
6.36	0.272268
6.37	0.100555
6.38	0.0725582
6.39	0.130745
6.4	0.125706
6.41	0.170895
6.42	0.190871
6.43	0.15432
6.44	0.14278
6.45	0.0179282
6.46	-0.0549497
6.47	-0.0670222
6.48	-0.123892
6.49	-0.192767
6.5	-0.299689
6.51	-0.350512
6.52	-0.393295
6.53	-0.426933
6.54	-0.381098
6.55	-0.371707
6.56	-0.31869
6.57	-0.277616
6.58	-0.275379
6.59	-0.247303
6.6	-0.215582
6.61	-0.122265
6.62	-0.0540003
6.63	-0.00713504
6.64	0.0404848
6.65	0.00380936
6.66	0.067739
6.67	0.141141
6.68	0.185826
6.69	0.252082
6.7	0.274804
6.71	0.319748
6.72	0.355229
6.73	0.29972
6.74	0.280873
6.75	0.179338
6.76	0.0872393
6.77	0.0673506
6.78	0.0846103
6.79	0.129068
6.8	0.0656844
6.81	0.0133959
6.82	0.181398
6.83	0.752817
6.84	1.29181
6.85	1.10249
6.86	0.568333
6.87	0.0814905
6.88	-0.192592
6.89	-0.263672
6.9	-0.311166
6.91	-0.312783
6.92	-0.338034
6.93	-0.382637
6.94	-0.399365
6.95	-0.429803
6.96	-0.409969
6.97	-0.431911
6.98	-0.436876
6.99	-0.398125
7	-0.449223
7.01	-0.458455
7.02	-0.401595
7.03	-0.373008
7.04	-0.343538
7.05	-0.349437
7.06	-0.312959
7.07	-0.314153
7.08	-0.293173
7.09	-0.260292
7.1	-0.266127
7.11	-0.255485
7.12	-0.251006
7.13	-0.260052
7.14	-0.22655
7.15	-0.218327
7.16	-0.205268
7.17	-0.211212
7.18	-0.177291
7.19	-0.0453728
7.2	0.0158431
7.21	0.0342747
7.22	0.0194796
7.23	0.0211691
7.24	-0.0251265
7.25	-0.148709
7.26	-0.169359
7.27	-0.213808
7.28	-0.279338
7.29	-0.279683
7.3	-0.3235
7.31	-0.374461
7.32	-0.295986
7.33	0.241944
7.34	0.922132
7.35	0.906477
7.36	0.479071
7.37	0.0716419
7.38	-0.151626
7.39	-0.172621
7.4	-0.199528
7.41	-0.173193
7.42	-0.159633
7.43	-0.156982
7.44	-0.0938902
7.45	-0.0941463
7.46	-0.0433666
7.47	-0.0414697
7.48	-0.041934
7.49	-0.0255562
7.5	-0.0142997
7.51	0.0360989
7.52	0.0343437
7.53	0.0234161
7.54	0.0440594
7.55	0.0578099
7.56	0.0886503
7.57	0.0792606
7.58	0.0583588
7.59	0.0859671
7.6	0.118272
7.61	0.16759
7.62	0.155178
7.63	0.117206
7.64	0.118614
7.65	0.0702264
7.66	0.0959414
7.67	0.131845
7.68	0.165478
7.69	0.229028
7.7	0.252755
7.71	0.305365
7.72	0.283923
7.73	0.2369
7.74	0.214634
7.75	0.147581
7.76	0.120642
7.77	0.0696397
7.78	-0.0117455
7.79	-0.0220001
7.8	-0.0485335
7.81	-0.0658801
7.82	0.147478
7.83	0.74634
7.84	1.19343
7.85	0.930062
7.86	0.436183
7.87	0.0784429
7.88	-0.094718
7.89	-0.133916
7.9	-0.181622
7.91	-0.171453
7.92	-0.201827
7.93	-0.239544
7.94	-0.208817
7.95	-0.215958
7.96	-0.204784
7.97	-0.215274
7.98	-0.219213
7.99	-0.209597
8	-0.250098
8.01	-0.221337
8.02	-0.206628
8.03	-0.21216
8.04	-0.174232
8.05	-0.173467
8.06	-0.137353
8.07	-0.0945867
8.08	-0.0639762
8.09	-0.0339369
8.1	-0.0503427
8.11	-0.0365624
8.12	-0.0295902
8.13	0.00747582
8.14	0.0290488
8.15	0.0173318
8.16	0.0758858
8.17	0.120667
8.18	0.133747
8.19	0.179009
8.2	0.189029
8.21	0.228032
8.22	0.215342
8.23	0.134444
8.24	0.0920292
8.25	0.0107026
8.26	0.0227573
8.27	0.0543405
8.28	0.0283924
8.29	0.0137702
8.3	-0.0348971
8.31	0.158952
8.32	0.713373
8.33	1.16655
8.34	0.997251
8.35	0.489457
8.36	0.0998805
8.37	-0.100237
8.38	-0.157423
8.39	-0.159619
8.4	-0.193748
8.41	-0.15109
8.42	-0.131556
8.43	-0.138252
8.44	-0.154359
8.45	-0.20487
8.46	-0.171326
8.47	-0.156124
8.48	-0.161982
8.49	-0.170804
8.5	-0.216902
8.51	-0.18677
8.52	-0.193299
8.53	-0.221541
8.54	-0.204091
8.55	-0.17452
8.56	-0.0975396
8.57	-0.0680233
8.58	-0.0445906
8.59	-0.0140973
8.6	-0.059937
8.61	-0.0210642
8.62	0.0100386
8.63	0.0177871
8.64	0.0040119
8.65	-0.00889552
8.66	0.0697564
8.67	0.115733
8.68	0.15861
8.69	0.226726
8.7	0.228373
8.71	0.226216
8.72	0.186996
8.73	0.0966488
8.74	0.0398462
8.75	-0.0239829
8.76	-0.00652751
8.77	-0.00101432
8.78	-0.0318574
8.79	-0.079112
8.8	0.0532116
8.81	0.607222
8.82	1.04463
8.83	0.82715
8.84	0.386833
8.85	0.0179141
8.86	-0.148666
8.87	-0.247082
8.88	-0.299333
8.89	-0.266082
8.9	-0.271149
8.91	-0.280689
8.92	-0.294437
8.93	-0.321957
8.94	-0.323148
8.95	-0.333487
8.96	-0.281423
8.97	-0.273505
8.98	-0.336251
8.99	-0.30516
9	-0.264376
9.01	-0.217819
9.02	-0.180592
9.03	-0.142346
9.04	-0.067775
9.05	-0.0560254
9.06	-0.0314453
9.07	0.0155918
9.08	0.0477321
9.09	0.082994
9.1	0.073577
9.11	0.110647
9.12	0.0982035
9.13	0.0679592
9.14	0.104036
9.15	0.125061
9.16	0.226071
9.17	0.26701
9.18	0.258932
9.19	0.273303
9.2	0.190663
9.21	0.128106
9.22	0.0523408
9.23	0.002468
9.24	0.0217185
9.25	-0.00546189
9.26	-0.0199054
9.27	-0.0634536
9.28	-0.106349
9.29	0.0674422
9.3	0.595415
9.31	1.17907
9.32	1.14158
9.33	0.656687
9.34	0.254676
9.35	0.0207703
9.36	-0.0500292
9.37	-0.0674043
9.38	-0.0933853
9.39	-0.114329
9.4	-0.125006
9.41	-0.102224
9.42	-0.108356
9.43	-0.134447
9.44	-0.128505
9.45	-0.163374
9.46	-0.154773
9.47	-0.13334
9.48	-0.171071
9.49	-0.213296
9.5	-0.251454
9.51	-0.200834
9.52	-0.150401
9.53	-0.165911
9.54	-0.154435
9.55	-0.160197
9.56	-0.12085
9.57	-0.0933643
9.58	-0.0902885
9.59	-0.037884
9.6	-0.0452233
9.61	-0.0401166
9.62	-0.0659784
9.63	-0.0588387
9.64	0.0185567
9.65	0.0597867
9.66	0.127413
9.67	0.155622
9.68	0.111431
9.69	0.0597839
9.7	-0.0278439
9.71	-0.0796549
9.72	-0.110681
9.73	-0.128036
9.74	-0.0984045
9.75	-0.11206
9.76	-0.13237
9.77	-0.136477
9.78	0.0601699
9.79	0.635338
9.8	1.04483
9.81	0.884824
9.82	0.449559
9.83	0.103123
9.84	-0.0650324
9.85	-0.170085
9.86	-0.170396
9.87	-0.134243
9.88	-0.128472
9.89	-0.110622
9.9	-0.132461
9.91	-0.127304
9.92	-0.138593
9.93	-0.169792
9.94	-0.152257
9.95	-0.131866
9.96	-0.0956992
9.97	-0.130123
9.98	-0.188793
9.99	-0.188839
10	-0.205358
10.01	-0.181659
10.02	-0.150426
10.03	-0.14478
10.04	-0.0969678
10.05	-0.10968
10.06	-0.0848599
10.07	-0.0507645
10.08	-0.0382428
10.09	-0.0119255
10.1	-0.0402324
10.11	-0.0497316
10.12	-0.0374632
10.13	-0.0132199
10.14	0.0866216
10.15	0.112083
10.16	0.149561
10.17	0.156787
10.18	0.0988821
10.19	0.0615714
10.2	-0.0171692
10.21	0.00238195
10.22	-0.0091035
10.23	-0.0596163
10.24	-0.0757682
10.25	-0.113326
10.26	-0.12232
10.27	-0.0411239
10.28	0.392271
10.29	0.973316
10.3	0.992654
10.31	0.597084
10.32	0.190227
10.33	-0.0615941
10.34	-0.128726
10.35	-0.12779
10.36	-0.113298
10.37	-0.14397
10.38	-0.145208
10.39	-0.106462
10.4	-0.133093
10.41	-0.12979
10.42	-0.128779
10.43	-0.150972
10.44	-0.13134
10.45	-0.144789
10.46	-0.166114
10.47	-0.205884
10.48	-0.246045
10.49	-0.215718
10.5	-0.197811
10.51	-0.137631
10.52	-0.105233
10.53	-0.0874231
10.54	-0.0397025
10.55	-0.0501501
10.56	-0.0758075
10.57	-0.0515467
10.58	-0.0353149
10.59	-0.0153685
10.6	-0.0172676
10.61	0.0127094
10.62	0.0320982
10.63	0.0205544
10.64	0.0168296
10.65	-0.0126475
10.66	0.013866
10.67	0.0737871
10.68	0.125011
10.69	0.192005
10.7	0.190281
10.71	0.205926
10.72	0.166741
10.73	0.0916833
10.74	0.091731
10.75	0.0805581
10.76	0.0754414
10.77	0.0570225
10.78	0.0361843
10.79	0.0464229
10.8	-0.0132914
10.81	0.0682988
10.82	0.451529
10.83	1.06337
10.84	1.34581
10.85	0.958736
10.86	0.43079
10.87	0.0706939
10.88	-0.100823
10.89	-0.131568
10.9	-0.176444
10.91	-0.173945
10.92	-0.192313
10.93	-0.234746
10.94	-0.220175
10.95	-0.212675
10.96	-0.181338
10.97	-0.201238
10.98	-0.239689
10.99	-0.235067
11	-0.252361
11.01	-0.259386
11.02	-0.281287
11.03	-0.303434
11.04	-0.282175
11.05	-0.329611
11.06	-0.300168
11.07	-0.269987
11.08	-0.306348
11.09	-0.273939
11.1	-0.259875
11.11	-0.259479
11.12	-0.240304
11.13	-0.205149
11.14	-0.159482
11.15	-0.164068
11.16	-0.0773508
11.17	-0.0227394
11.18	-0.0500532
11.19	0.00144318
11.2	0.00444067
11.21	0.00929782
11.22	0.0431409
11.23	0.0647929
11.24	0.12247
11.25	0.150407
11.26	0.194743
11.27	0.201964
11.28	0.148241
11.29	0.0942857
11.3	-0.0351236
11.31	-0.103722
11.32	-0.10263
11.33	-0.0963579
11.34	-0.0957881
11.35	-0.114692
11.36	-0.0873222
11.37	0.10283
11.38	0.632172
11.39	1.09474
11.4	0.892153
11.41	0.475253
11.42	0.166602
11.43	0.0261931
11.44	-0.0210753
11.45	-0.0303353
11.46	0.00781496
11.47	-0.00258568
11.48	-0.0114259
11.49	0.0193815
11.5	0.0388281
11.51	0.057674
11.52	0.0863528
11.53	0.11349
11.54	0.143859
11.55	0.119816
11.56	0.124045
11.57	0.119972
11.58	0.117359
11.59	0.150785
11.6	0.147412
11.61	0.139626
11.62	0.0784194
11.63	0.00780364
11.64	0.0200803
11.65	-0.0318883
11.66	-0.0439997
11.67	-0.0750736
11.68	-0.11869
11.69	-0.107512
11.7	-0.146206
11.71	-0.155394
11.72	-0.150191
11.73	-0.141835
11.74	-0.106181
11.75	-0.105536
11.76	-0.0457059
11.77	-0.02143
11.78	-0.0647598
11.79	-0.0435137
11.8	-0.0335505
11.81	-0.0143777
11.82	-0.00794938
11.83	-0.0223132
11.84	-0.000749609
11.85	-0.0379881
11.86	-0.041771
11.87	-0.0477724
11.88	-0.0772702
11.89	-0.0553601
11.9	-0.0886477
11.91	-0.0784284
11.92	-0.0679304
11.93	-0.0965272
11.94	-0.12183
11.95	-0.179882
11.96	-0.12669
11.97	-0.0794446
11.98	-0.0739442
11.99	-0.047649
12	-0.095741
12.01	-0.0917137
12.02	-0.103601
12.03	-0.109464
12.04	-0.0722433
12.05	-0.114069
12.06	-0.130167
12.07	-0.145445
12.08	-0.155559
12.09	-0.121493
12.1	-0.149021
12.11	-0.131052
12.12	-0.106026
12.13	-0.0813357
12.14	-0.031342
12.15	-0.0515367
12.16	-0.0283975
12.17	0.00517501
12.18	-0.0317339
12.19	-0.0624283
12.2	-0.148142
12.21	-0.149715
12.22	-0.138047
12.23	-0.142828
12.24	-0.125928
12.25	-0.125133
12.26	0.12317
12.27	0.600783
12.28	0.857638
12.29	0.66401
12.3	0.220972
12.31	-0.057717
12.32	-0.154567
12.33	-0.213189
12.34	-0.204561
12.35	-0.219647
12.36	-0.203936
12.37	-0.20063
12.38	-0.197992
12.39	-0.157722
12.4	-0.176937
12.41	-0.154772
12.42	-0.148252
12.43	-0.152116
12.44	-0.110375
12.45	-0.109363
12.46	-0.0611414
12.47	-0.0115062
12.48	-0.0269735
12.49	-0.0234638
12.5	-0.0591405
12.51	-0.0459483
12.52	-0.0376947
12.53	-0.039724
12.54	-0.0240777
12.55	-0.0524672
12.56	-0.0543884
12.57	-0.0661127
12.58	-0.0822307
12.59	-0.0512487
12.6	-0.0552042
12.61	-0.0590056
12.62	-0.0628855
12.63	-0.0553866
12.64	0.0174276
12.65	0.0389551
12.66	0.0723501
12.67	0.0880284
12.68	0.0786901
12.69	0.0971929
12.7	0.0683694
12.71	0.10596
12.72	0.0954057
12.73	0.0642505
12.74	0.0853877
12.75	0.072093
12.76	0.0657828
12.77	0.055048
12.78	0.0197234
12.79	0.0351113
12.8	0.0264433
12.81	0.0320724
12.82	0.0124046
12.83	-0.013682
12.84	0.00719429
12.85	0.00107256
12.86	0.0012828
12.87	-0.0140957
12.88	-0.0348776
12.89	-0.0167142
12.9	-0.0353247
12.91	-0.0252591
12.92	-0.0116593
12.93	-0.0394185
12.94	-0.0390553
12.95	-0.0272615
12.96	-0.010608
12.97	-0.00803185
12.98	-0.0190977
12.99	-0.0025278
13	-0.0453451
13.01	-0.0529004
13.02	-0.0421115
13.03	-0.0451428
13.04	-0.0410112
13.05	-0.0681974
13.06	-0.0402335
13.07	-0.0359094
13.08	-0.0639762
13.09	-0.0324373
13.1	-0.0538822
13.11	-0.0374456
13.12	-0.0288721
13.13	-0.0418692
13.14	-0.0154372
13.15	-0.0582609
13.16	-0.0491407
13.17	-0.046603
13.18	-0.0689495
13.19	-0.0482948
13.2	-0.0653684
13.21	-0.0442639
13.22	0.00237513
13.23	0.285247
13.24	0.820256
13.25	0.99379
13.26	0.704711
13.27	0.316685
13.28	0.0672096
13.29	-0.0101699
13.3	-0.078225
13.31	-0.0866716
13.32	-0.0986092
13.33	-0.112609
13.34	-0.10093
13.35	-0.123325
13.36	-0.102101
13.37	-0.0938781
13.38	-0.109427
13.39	-0.0638433
13.4	-0.0636251
13.41	-0.0827862
13.42	-0.125433
13.43	-0.114331
13.44	-0.0621328
13.45	-0.0628982
13.46	0.00164338
13.47	0.0507326
13.48	0.0102211
13.49	0.0115643
13.5	-0.0446808
13.51	-0.060207
13.52	-0.0334945
13.53	-0.0100556
13.54	0.0131555
13.55	-0.0218782
13.56	-0.056952
13.57	-0.0645967
13.58	-0.0414308
13.59	0.0233058
13.6	0.00246161
13.61	-0.0026949
13.62	0.0245684
13.63	0.0155101
13.64	0.0640757
13.65	0.0788349
13.66	0.113144
13.67	0.131379
13.68	0.0977052
13.69	0.0880782
13.7	0.0379196
13.71	0.00277363
13.72	0.0350829
13.73	0.0321059
13.74	0.0379973
13.75	0.000962412
13.76	-0.0168123
13.77	-0.00678253
13.78	-0.00626775
13.79	0.0210532
13.8	0.00119765
13.81	-0.00947555
13.82	-0.0111091
13.83	-0.0329784
13.84	-0.00779642
13.85	-0.00526585
13.86	0.00284666
13.87	-0.00328806
13.88	-0.0400254
13.89	-0.028266
13.9	-0.0513902
13.91	-0.00257014
13.92	0.0243004
13.93	-0.00429253
13.94	0.0139288
13.95	-0.0257046
13.96	-0.0189893
13.97	-0.0141227
13.98	-0.0201702
13.99	0.0323175
14	0.0185284
14.01	-0.00161557
14.02	0.00634617
14.03	-0.00696985
14.04	-0.0131495
14.05	-0.0306428
14.06	-0.0310512
14.07	-0.0452709
14.08	-0.0520456
14.09	-0.00740709
14.1	0.00717261
14.11	0.00832737
14.12	-0.00923513
14.13	-0.054552
14.14	-0.0235631
14.15	-0.0522448
14.16	-0.0584751
14.17	-0.0104933
14.18	0.0184577
14.19	0.026361
14.2	-0.0550001
14.21	-0.052009
14.22	-0.0208197
14.23	-0.0388157
14.24	-0.0192026
14.25	-0.0649384
14.26	-0.0716682
14.27	-0.0756461
14.28	-0.111177
14.29	-0.0854532
14.3	-0.101766
14.31	-0.111213
14.32	-0.0274649
14.33	0.28494
14.34	0.838539
14.35	1.00952
14.36	0.68322
14.37	0.282066
14.38	0.0170894
14.39	-0.0616077
14.4	-0.0987476
14.41	-0.0999833
14.42	-0.0951269
14.43	-0.0884323
14.44	-0.0642745
14.45	-0.11805
14.46	-0.117625
14.47	-0.11197
14.48	-0.114887
14.49	-0.0603257
14.5	-0.0618521
14.51	-0.0729895
14.52	-0.0603993
14.53	-0.0692624
14.54	-0.0274616
14.55	0.0119707
14.56	0.0526391
14.57	0.0550114
14.58	0.0158296
14.59	0.0210265
14.6	-0.0118904
14.61	-0.000891045
14.62	0.00929164
14.63	-0.0152947
14.64	0.00656443
14.65	-0.0119374
14.66	-0.0348135
14.67	-0.0331558
14.68	-0.0605169
14.69	-0.028826
14.7	-0.0174701
14.71	-0.00462899
14.72	0.0162855
14.73	0.0539884
14.74	0.0881724
14.75	0.0591106
14.76	0.0616844
14.77	0.061894
14.78	0.0353517
14.79	0.0561753
14.8	0.00239969
14.81	0.0160432
14.82	0.0473548
14.83	0.0148991
14.84	0.0137539
14.85	-0.0155133
14.86	-0.0142505
14.87	-0.00501541
14.88	-0.0210448
14.89	0.00489942
14.9	-0.027169
14.91	-0.0399827
14.92	-0.0290092
14.93	-0.0459439
14.94	-0.0346421
14.95	-0.0497687
14.96	-0.026672
14.97	-0.0173603
14.98	-0.0491717
14.99	-0.0356709
15	-0.0519138
15.01	-0.0393481
15.02	-0.0138137
15.03	-0.0217593
15.04	0.00371891
15.05	-0.0249844
15.06	-0.0445177
15.07	-0.0460395
15.08	-0.0692259
15.09	-0.0273791
15.1	-0.0155478
15.11	-0.00670313
15.12	-0.0197919
15.13	-0.0488281
15.14	-0.0410641
15.15	-0.0621915
15.16	-0.0300064
15.17	-0.0225688
15.18	-0.0344582
15.19	0.00708135
15.2	-0.0264706
15.21	-0.0222873
15.22	-0.0102807
15.23	-0.0393154
15.24	-0.0353404
15.25	-0.0242445
15.26	0.00258122
15.27	-0.0161802
15.28	-0.0479812
15.29	-0.0221979
15.3	-0.0512728
15.31	-0.0149136
15.32	0.00106164
15.33	-0.0283385
15.34	-0.012007
15.35	-0.0530729
15.36	-0.0341166
15.37	-0.0110283
15.38	-0.0422812
15.39	-0.0325822
15.4	-0.0338686
15.41	-0.0143279
15.42	-0.0302399
15.43	-0.0601077
15.44	-0.0246083
15.45	-0.0285687
15.46	-0.0202585
15.47	-0.00951326
15.48	-0.00854333
15.49	0.00650985
15.5	-0.0376448
15.51	-0.0412292
15.52	-0.0186058
15.53	-0.0284688
15.54	0.00437594
15.55	0.116072
15.56	0.564875
15.57	1.05855
15.58	1.03531
15.59	0.646633
15.6	0.21722
15.61	0.0236622
15.62	-0.0299797
15.63	-0.0757143
15.64	-0.0671125
15.65	-0.0916936
15.66	-0.0828222
15.67	-0.0718391
15.68	-0.0878487
15.69	-0.0644655
15.7	-0.093358
15.71	-0.0870916
15.72	-0.080122
15.73	-0.0853429
15.74	-0.0454543
15.75	-0.034331
15.76	-0.00661753
15.77	-0.00189089
15.78	-0.0189249
15.79	0.021584
15.8	0.0180752
15.81	0.00849224
15.82	0.00774151
15.83	-0.0138655
15.84	-0.00736309
15.85	-0.04181
15.86	-0.0419145
15.87	-0.0308767
15.88	-0.0683441
15.89	-0.0454387
15.9	-0.059692
15.91	-0.0566279
15.92	-0.0415141
15.93	-0.0323809
15.94	-0.00569753
15.95	-0.0204713
15.96	0.0158268
15.97	0.0504998
15.98	0.0440628
15.99	0.0649074
16	0.0347109
16.01	0.0372186
16.02	0.0136285
16.03	-0.0400594
16.04	-0.0028316
16.05	-0.00320376
16.06	-0.00880387
16.07	-0.0215377
16.08	-0.0507665
16.09	-0.0276642
16.1	-0.036566
16.11	-0.0458363
16.12	-0.0615522
16.13	-0.0698056
16.14	-0.0378938
16.15	-0.0574117
16.16	-0.0351782
16.17	-0.00790036
16.18	-0.0263262
16.19	-0.0139793
16.2	-0.0285513
16.21	-0.0128262
16.22	0.0110797
16.23	-0.0176372
16.24	-0.0125697
16.25	-0.0403599
16.26	-0.026626
16.27	-0.00854324
16.28	-0.0202956
16.29	-0.0110534
16.3	-0.0398916
16.31	-0.0344508
16.32	-0.0229229
16.33	-0.0308242
16.34	-0.000230529
16.35	-0.0155404
16.36	-0.0200604
16.37	-0.0170638
16.38	-0.0426247
16.39	-0.0142621
16.4	-0.0298583
16.41	-0.0189896
16.42	-0.00560115
16.43	-0.0380615
16.44	-0.0105815
16.45	-0.00633
16.46	-0.00181005
16.47	-0.00688064
16.48	-0.017133
16.49	0.0114015
16.5	-0.0214573
16.51	-0.0283537
16.52	-0.00526299
16.53	-0.0290609
16.54	-0.0113141
16.55	-0.0189776
16.56	-0.00188355
16.57	-0.00633732
16.58	-0.0332133
16.59	-0.016999
16.6	-0.012636
16.61	0.000979887
16.62	-0.0091334
16.63	-0.0294454
16.64	-0.0111512
16.65	-0.0299883
16.66	-0.00603642
16.67	-0.0012344
16.68	-0.0420997
16.69	-0.0303345
16.7	-0.0374481
16.71	-0.0186507
16.72	-0.0283803
16.73	-0.0498233
16.74	0.00215231
16.75	-0.0169228
16.76	-0.041048
16.77	-0.045077
16.78	-0.0533765
16.79	-0.0349008
16.8	-0.0342493
16.81	-0.0206853
16.82	-0.0259487
16.83	-0.0760467
16.84	-0.0725991
16.85	-0.0898084
16.86	-0.0912701
16.87	-0.0736546
16.88	-0.0851912
16.89	-0.0687473
16.9	-0.0916963
16.91	-0.0899286
16.92	-0.102734
16.93	-0.147153
16.94	-0.0927438
16.95	-0.080632
16.96	-0.09055
16.97	-0.122429
16.98	-0.161763
16.99	-0.142447
17	-0.15993
17.01	-0.138634
17.02	-0.136273
17.03	-0.187119
17.04	-0.163807
17.05	-0.198077
17.06	-0.230127
17.07	-0.213501
17.08	-0.215386
17.09	-0.199366
17.1	-0.225578
17.11	-0.239413
17.12	-0.268503
17.13	-0.3233
17.14	-0.332118
17.15	-0.370897
17.16	-0.364466
17.17	-0.353787
17.18	-0.369765
17.19	-0.361574
17.2	-0.403093
17.21	-0.424596
17.22	-0.450493
17.23	-0.528663
17.24	-0.535258
17.25	-0.522512
17.26	-0.25116
17.27	0.301596
17.28	0.703853
17.29	0.519003
17.3	-0.0694681
17.31	-0.494467
17.32	-0.674983
17.33	-0.771444
17.34	-0.74531
17.35	-0.733423
17.36	-0.698883
17.37	-0.655588
17.38	-0.658226
17.39	-0.631732
17.4	-0.662054
17.41	-0.710897
17.42	-0.780493
17.43	-0.782928
17.44	-0.785126
17.45	-0.881855
17.46	-0.892704
17.47	-0.937353
17.48	-0.984866
17.49	-0.965694
17.5	-0.995985
17.51	-0.916185
17.52	-0.889255
17.53	-0.985992
17.54	-1.07734
17.55	-1.24366
17.56	-1.38839
17.57	-1.43082
17.58	-1.51462
17.59	-1.49734
17.6	-0.98196
17.61	-0.663285
17.62	-0.630015
17.63	-0.630803
17.64	-0.539906
17.65	-0.319896
17.66	-0.136052
17.67	0.00319819
17.68	0.334696
17.69	0.627021
17.7	0.656257
17.71	0.633423
17.72	0.678909
17.73	0.60567
17.74	0.395166
17.75	0.194005
17.76	-0.0986135
17.77	-0.340759
17.78	-0.563497
17.79	-0.703824
17.8	-0.587217
17.81	-0.543082
17.82	-0.4781
17.83	-0.291754
17.84	-0.0200902
17.85	0.173988
17.86	0.211589
17.87	0.389518
17.88	0.505008
17.89	0.592273
17.9	0.73649
17.91	0.727823
17.92	0.752966
17.93	0.803841
17.94	0.765153
17.95	0.729919
17.96	0.648064
17.97	0.620889
17.98	0.534134
17.99	0.420467
18	0.339833
18.01	0.243025
18.02	0.260264
18.03	0.210458
18.04	0.221967
18.05	0.284876
18.06	0.204342
18.07	0.252818
18.08	0.385575
18.09	0.521402
18.1	0.635926
18.11	0.667495
18.12	0.764186
18.13	0.810197
18.14	0.944399
18.15	1.16989
18.16	1.26641
18.17	1.37289
18.18	1.51002
18.19	1.71942
18.2	1.94163
18.21	1.98951
18.22	2.00953
18.23	1.97123
18.24	1.91953
18.25	1.94671
18.26	1.82772
18.27	1.6945
18.28	1.53151
18.29	1.42699
18.3	1.34032
18.31	1.1515
18.32	1.08061
18.33	1.00967
18.34	0.922391
18.35	0.818534
18.36	0.729643
18.37	0.75001
18.38	0.648806
18.39	0.614027
18.4	0.659484
18.41	0.488214
18.42	0.357747
18.43	0.229628
18.44	0.0997272
18.45	0.125862
18.46	0.236164
18.47	0.476904
18.48	0.672925
18.49	0.711057
18.5	0.606988
18.51	0.496807
18.52	0.383616
18.53	0.277139
18.54	0.284769
18.55	0.382291
18.56	-1.11488
18.57	-5.79897
18.58	-5.55965
18.59	-2.05853
18.6	0.165713
18.61	0.532686
18.62	0.346187
18.63	0.213641
18.64	0.15083
18.65	0.233305
18.66	0.193005
18.67	0.227016
18.68	0.306135
18.69	0.285411
18.7	0.367462
18.71	0.37913
18.72	0.418606
18.73	0.398035
18.74	0.306748
18.75	0.271892
18.76	0.217873
18.77	0.250115
18.78	0.220807
18.79	0.173039
18.8	0.323362
18.81	0.270944
18.82	0.218331
18.83	0.218873
18.84	0.189107
18.85	0.282334
18.86	0.293385
18.87	0.263608
18.88	0.251244
18.89	0.210129
18.9	0.221639
18.91	0.115881
18.92	0.102357
18.93	0.0291525
18.94	-0.131442
18.95	-0.118235
18.96	-0.167953
18.97	-0.143896
18.98	-0.131685
18.99	-0.220286
19	-0.256004
19.01	-0.346477
19.02	-0.352558
19.03	-0.33576
19.04	-0.350576
19.05	-0.319453
19.06	-0.445219
19.07	-0.417428
19.08	-0.297552
19.09	-0.413226
19.1	-0.460981
19.11	-0.437361
19.12	-0.407803
19.13	-0.498901
19.14	-0.567161
19.15	-0.496047
19.16	-0.567918
19.17	-0.648323
19.18	-0.661383
19.19	-0.707068
19.2	-0.698303
19.21	-0.78032
19.22	-0.755021
19.23	-0.659245
19.24	-0.66712
19.25	-0.654626
19.26	-0.659644
19.27	-0.633368
19.28	-0.598381
19.29	-0.614864
19.3	-0.452211
19.31	-0.401324
19.32	-0.202913
19.33	-0.121671
19.34	-0.0543721
19.35	0.245863
19.36	0.459757
19.37	0.79376
19.38	1.09773
19.39	1.24903
19.4	1.50234
19.41	1.5446
19.42	1.64444
19.43	1.76411
19.44	1.76459
19.45	1.76477
19.46	1.64217
19.47	1.59013
19.48	1.44119
19.49	1.31232
19.5	1.32272
19.51	1.36635
19.52	1.41971
19.53	1.37413
19.54	1.30895
19.55	1.34658
19.56	1.20341
19.57	1.18883
19.58	1.25513
19.59	1.32653
19.6	1.40375
19.61	1.31674
19.62	1.33688
19.63	1.30358
19.64	1.1347
19.65	1.05387
19.66	0.94361
19.67	0.870914
19.68	0.831066
19.69	0.756212
19.7	0.814903
19.71	0.733553
19.72	0.678707
19.73	0.500743
19.74	0.178097
19.75	0.0830348
19.76	-0.0482175
19.77	-0.0801103
19.78	-0.212238
19.79	-0.453601
19.8	-0.351453
19.81	-0.375298
19.82	-0.475618
19.83	-0.515191
19.84	-0.511957
19.85	-0.443449
19.86	-0.535938
19.87	-0.592732
19.88	-0.601558
19.89	-0.647693
19.9	-0.58508
19.91	-0.661862
19.92	-0.685037
19.93	-0.685285
19.94	-0.784267
19.95	-0.730002
19.96	-0.785074
19.97	-0.849839
19.98	-0.891107
19.99	-0.905315
20	-0.946497
20.01	-1.05785
20.02	-1.02861
20.03	-0.980798
20.04	-0.954155
20.05	-0.856607
20.06	-0.988896
20.07	-0.947748
20.08	-0.865044
20.09	-0.812545
20.1	-0.680065
20.11	-0.61032
20.12	-0.525768
20.13	-0.475663
20.14	-0.440281
20.15	-0.234794
20.16	-0.182956
20.17	-0.120572
20.18	-0.0186875
20.19	0.109762
20.2	0.407255
20.21	0.538273
20.22	0.585723
20.23	0.705045
20.24	0.929346
20.25	1.27051
20.26	1.496
20.27	1.74752
20.28	1.94865
20.29	2.21031
20.3	2.64835
20.31	2.85173
20.32	3.07213
20.33	3.32234
20.34	3.50777
20.35	3.86385
20.36	4.07202
20.37	4.17857
20.38	4.33961
20.39	4.57835
20.4	4.90401
20.41	5.1443
20.42	5.41552
20.43	5.56158
20.44	5.68409
20.45	5.95064
20.46	6.15257
20.47	6.34212
20.48	6.44384
20.49	6.49187
20.5	6.88709
20.51	7.48947
20.52	7.81427
20.53	7.2682
20.54	6.39253
20.55	5.91376
20.56	5.7977
20.57	6.05771
20.58	6.41804
20.59	6.73367
20.6	7.22847
20.61	7.6569
20.62	8.19078
20.63	9.13344
20.64	10.6794
20.65	12.5981
20.66	9.1172
20.67	-4.74587
20.68	-15.6668
20.69	-17.3521
20.7	-14.5233
20.71	-11.4618
20.72	-8.59993
20.73	-6.01268
20.74	-4.11908
20.75	-3.3094
20.76	-3.55113
20.77	-3.52878
20.78	-2.72829
20.79	-1.48301
20.8	-0.0110369
20.81	1.16452
20.82	1.92354
20.83	1.84558
20.84	0.996845
20.85	0.0417808
20.86	-0.735106
20.87	-1.12808
20.88	-1.69511
20.89	-3.18893
20.9	-5.88427
20.91	-8.99775
20.92	-11.8253
20.93	-14.2669
20.94	-16.4234
20.95	-18.4024
20.96	-19.9617
20.97	-21.1814
20.98	-22.3973
20.99	-23.3887
21	-24.1643
21.01	-24.8983
21.02	-25.212
21.03	-25.3995
21.04	-25.9809
21.05	-26.6598
21.06	-27.1615
21.07	-27.3796
21.08	-27.5858
21.09	-27.9042
21.1	-27.8836
21.11	-24.6178
21.12	-19.9095
21.13	-14.9192
21.14	-12.484
21.15	-9.95932
21.16	-5.31547
21.17	-0.725698
21.18	6.49337
21.19	13.2664
21.2	16.0258
21.21	16.1481
21.22	15.6573
21.23	15.1913
21.24	14.8077
21.25	14.3079
21.26	13.6871
21.27	13.2713
21.28	12.9174
21.29	12.4435
21.3	11.8757
21.31	11.3936
21.32	11.0043
21.33	10.5538
21.34	10.2287
21.35	9.95608
21.36	9.63085
21.37	9.32313
21.38	9.01315
21.39	8.75635
21.4	8.50442
21.41	8.20305
21.42	7.96211
21.43	7.67408
21.44	7.37282
21.45	6.97685
21.46	6.46775
21.47	6.07914
21.48	5.72039
21.49	5.45358
21.5	5.13734
21.51	4.87769
21.52	4.68447
21.53	4.36526
21.54	4.01919
21.55	3.72644
21.56	3.45391
21.57	3.18728
21.58	2.94491
21.59	2.79173
21.6	2.66722
21.61	2.42143
21.62	2.20229
21.63	2.01539
21.64	1.82418
21.65	1.68405
21.66	1.56368
21.67	1.43707
21.68	1.28869
21.69	1.20264
21.7	1.09447
21.71	0.932459
21.72	0.782531
21.73	0.600991
21.74	0.519949
21.75	0.490614
21.76	0.389502
21.77	0.366995
21.78	0.692191
21.79	1.29985
21.8	1.43215
21.81	0.903211
21.82	0.292432
21.83	-0.124143
21.84	-0.289475
21.85	-0.317437
21.86	-0.315155
21.87	-0.286854
21.88	-0.334158
21.89	-0.371064
21.9	-0.256441
21.91	-0.150623
21.92	-0.0918551
21.93	-0.0660983
21.94	-0.00424928
21.95	0.0393066
21.96	0.0123985
21.97	0.0355217
21.98	0.0276843
21.99	0.0766453
22	0.117492
22.01	0.130507
22.02	0.191193
22.03	0.187803
22.04	0.0878905
22.05	-0.0398032
22.06	-0.0415681
22.07	0.0119139
22.08	-0.0248044
22.09	-0.0885301
22.1	-0.136476
22.11	-0.228339
22.12	-0.236706
22.13	-0.229519
22.14	-0.201099
22.15	-0.154815
22.16	-0.169089
22.17	-0.165755
22.18	-0.248356
22.19	-0.282265
22.2	-0.20719
22.21	-0.212982
22.22	-0.187129
22.23	-0.229183
22.24	-0.341321
22.25	-0.431678
22.26	-0.471744
22.27	-0.426416
22.28	-0.457098
22.29	-0.548077
22.3	-0.609117
22.31	-0.610976
22.32	-0.572599
22.33	-0.617147
22.34	-0.663219
22.35	-0.665637
22.36	-0.70532
22.37	-0.633818
22.38	-0.513551
22.39	-0.504922
22.4	-0.556068
22.41	-0.563047
22.42	-0.544858
22.43	-0.536363
22.44	-0.511987
22.45	-0.454405
22.46	-0.397842
22.47	-0.379702
22.48	-0.462701
22.49	-0.469917
22.5	-0.373616
22.51	-0.258418
22.52	-0.227634
22.53	-0.336381
22.54	-0.426367
22.55	-0.393052
22.56	-0.277336
22.57	-0.0868748
22.58	-0.0836687
22.59	-0.126895
22.6	-0.0431117
22.61	-0.11428
22.62	-0.141231
22.63	-0.0782474
22.64	0.010757
22.65	0.17184
22.66	0.389353
22.67	0.677017
22.68	1.09603
22.69	1.66438
22.7	2.28168
22.71	2.76656
22.72	3.29942
22.73	3.75802
22.74	4.08409
22.75	4.37643
22.76	4.60784
22.77	4.88181
22.78	5.09738
22.79	5.25797
22.8	5.45889
22.81	5.66065
22.82	6.0555
22.83	6.5268
22.84	6.99594
22.85	7.4174
22.86	7.65956
22.87	7.94877
22.88	8.2154
22.89	7.62759
22.9	2.62599
22.91	-1.82227
22.92	-5.07574
22.93	-6.95022
22.94	-7.74093
22.95	-7.54143
22.96	-7.73477
22.97	-9.70734
22.98	-10.7448
22.99	-11.789
23	-14.5027
23.01	-15.2823
23.02	-15.9039
23.03	-15.4293
23.04	-13.7406
23.05	-13.4868
23.06	-12.7583
23.07	-13.5086
23.08	-15.439
23.09	-17.6867
23.1	-15.6762
23.11	-7.27797
23.12	2.37165
23.13	6.98653
23.14	7.56347
23.15	6.80139
23.16	6.03045
23.17	5.48376
23.18	4.98732
23.19	4.63143
23.2	4.37992
23.21	4.12786
23.22	4.03402
23.23	3.96075
23.24	3.96916
23.25	4.02588
23.26	4.08386
23.27	4.18773
23.28	4.26168
23.29	4.47123
23.3	4.88707
23.31	5.6721
23.32	6.36707
23.33	6.37522
23.34	6.20897
23.35	6.18845
23.36	6.39493
23.37	6.65067
23.38	6.72317
23.39	6.69295
23.4	6.39659
23.41	5.96047
23.42	5.59175
23.43	5.25288
23.44	4.93987
23.45	4.4387
23.46	3.84854
23.47	3.5626
23.48	3.52624
23.49	3.73778
23.5	4.04167
23.51	4.47023
23.52	5.28011
23.53	6.07554
23.54	5.23101
23.55	-4.09183
23.56	-20.1648
23.57	-30.2169
23.58	-33.6337
23.59	-30.5464
23.6	-15.7921
23.61	-1.10647
23.62	4.97468
23.63	5.07657
23.64	3.69759
23.65	2.60752
23.66	1.86985
23.67	1.23771
23.68	0.678849
23.69	0.342541
23.7	0.072133
23.71	-0.148715
23.72	-0.321529
23.73	-0.399878
23.74	-0.33412
23.75	-0.318909
23.76	-0.241565
23.77	-0.0978629
23.78	-0.140405
23.79	-0.201667
23.8	-0.369733
23.81	-0.528351
23.82	-0.534868
23.83	-0.585348
23.84	-0.587312
23.85	-0.555112
23.86	-0.574698
23.87	-0.523902
23.88	-0.419139
23.89	-0.226298
23.9	-0.136565
23.91	-0.013733
23.92	0.174926
23.93	0.228191
23.94	0.367959
23.95	0.564429
23.96	0.73546
23.97	0.948449
23.98	1.10542
23.99	1.26905
24	1.35767
24.01	1.34933
24.02	1.32314
24.03	1.23007
24.04	1.17944
24.05	1.08027
24.06	0.959748
24.07	0.933137
24.08	0.904404
24.09	0.84848
24.1	0.727478
24.11	0.654261
24.12	0.693506
24.13	0.664563
24.14	0.665714
24.15	0.669233
24.16	0.645402
24.17	0.640065
24.18	0.627293
24.19	0.709467
24.2	0.696532
24.21	0.725644
24.22	0.927384
24.23	1.04427
24.24	1.07942
24.25	1.14515
24.26	1.31938
24.27	1.53072
24.28	1.67622
24.29	1.90378
24.3	2.07038
24.31	2.21885
24.32	2.40383
24.33	2.49062
24.34	2.53953
24.35	2.45927
24.36	2.30836
24.37	2.19293
24.38	2.0421
24.39	1.96197
24.4	1.83699
24.41	1.6663
24.42	1.5455
24.43	1.38752
24.44	1.27809
24.45	1.16227
24.46	1.03844
24.47	0.921164
24.48	0.670555
24.49	0.359091
24.5	-0.0785523
24.51	-0.533784
24.52	-0.848393
24.53	-1.03648
24.54	-0.961802
24.55	-0.784944
24.56	-0.686233
24.57	-0.615558
24.58	-0.584542
24.59	-0.370123
24.6	-0.0287804
24.61	0.585096
24.62	1.57309
24.63	2.31783
24.64	2.05796
24.65	0.785574
24.66	-0.596681
24.67	-1.39608
24.68	-1.66231
24.69	-1.5058
24.7	-1.1601
24.71	-0.653887
24.72	0.0369935
24.73	0.740233
24.74	1.3583
24.75	1.64649
24.76	1.57901
24.77	1.226
24.78	0.613537
24.79	-0.011275
24.8	-0.586662
24.81	-1.07253
24.82	-1.38167
24.83	-1.57293
24.84	-1.58147
24.85	-1.50716
24.86	-1.45109
24.87	-1.41319
24.88	-1.36491
24.89	-1.2484
24.9	-1.11133
24.91	-0.979729
24.92	-0.796492
24.93	-0.658488
24.94	-0.483255
24.95	-0.305429
24.96	-0.136018
24.97	0.0660318
24.98	0.21587
24.99	0.412408
25	0.622626
25.01	0.838299
25.02	1.10702
25.03	1.30925
25.04	1.52773
25.05	1.69422
25.06	1.75332
25.07	1.79117
25.08	1.8186
25.09	2.01135
25.1	2.35298
25.11	2.6607
25.12	2.97937
25.13	3.01915
25.14	-3.37484
25.15	-18.0294
25.16	-26.7109
25.17	-29.181
25.18	-28.6842
25.19	-27.2035
25.2	-24.2374
25.21	-18.0621
25.22	-8.59142
25.23	-1.27879
25.24	0.925198
25.25	-0.0921412
25.26	-0.84099
25.27	-0.522442
25.28	2.45376
25.29	6.19183
25.3	7.76776
25.31	7.57086
25.32	6.85243
25.33	6.13117
25.34	5.62206
25.35	5.27293
25.36	4.96781
25.37	4.58604
25.38	3.99031
25.39	3.42874
25.4	3.08372
25.41	2.87102
25.42	2.75713
25.43	2.59989
25.44	2.43417
25.45	2.34048
25.46	2.24154
25.47	2.13884
25.48	2.04306
25.49	2.0133
25.5	1.98457
25.51	1.86415
25.52	1.85499
25.53	1.90779
25.54	1.88302
25.55	1.75001
25.56	1.64765
25.57	1.59937
25.58	1.54889
25.59	1.61091
25.6	1.57565
25.61	1.43187
25.62	1.44373
25.63	1.49634
25.64	1.54971
25.65	1.42068
25.66	1.24097
25.67	1.18025
25.68	1.05459
25.69	1.09779
25.7	1.10911
25.71	1.0741
25.72	1.17635
25.73	1.33262
25.74	1.68624
25.75	1.92484
25.76	2.21789
25.77	2.77909
25.78	3.17636
25.79	3.43113
25.8	3.46661
25.81	3.07992
25.82	2.56453
25.83	1.95854
25.84	1.46838
25.85	1.15468
25.86	1.27709
25.87	1.78851
25.88	1.90185
25.89	1.57661
25.9	1.13284
25.91	0.856958
25.92	0.752976
25.93	0.57146
25.94	0.48604
25.95	0.308971
25.96	0.0578848
25.97	-0.233301
25.98	-0.661876
25.99	-0.707692
26	-0.737109
26.01	-0.815235
26.02	-0.868312
26.03	-1.03925
26.04	-0.999605
26.05	-0.887605
26.06	-0.779726
26.07	-0.691128
26.08	-0.723894
26.09	-0.611133
26.1	-0.496549
26.11	-0.382762
26.12	-0.220965
26.13	-0.0597998
26.14	0.147445
26.15	0.176802
26.16	0.18441
26.17	0.305293
26.18	0.231933
26.19	0.0129584
26.2	-0.339075
26.21	-0.518279
26.22	-0.498411
26.23	-0.699513
26.24	-0.835939
26.25	-0.853381
26.26	-0.892114
26.27	-1.06892
26.28	-1.14181
26.29	-0.960853
26.3	-0.951279
26.31	-0.895032
26.32	-0.747758
26.33	-0.775314
26.34	-0.73022
26.35	-0.621258
26.36	-0.533743
26.37	-0.378983
26.38	-0.259259
26.39	-0.162506
26.4	-0.17665
26.41	-0.116261
26.42	0.0539275
26.43	0.180863
26.44	0.348072
26.45	0.376631
26.46	0.443216
26.47	0.620273
26.48	0.686629
26.49	0.843981
26.5	0.928998
26.51	0.880255
26.52	0.870065
26.53	0.852394
26.54	0.863998
26.55	0.823877
26.56	0.77239
26.57	0.688295
26.58	0.514937
26.59	0.434951
26.6	0.263644
26.61	0.155908
26.62	0.0874131
26.63	-0.0671998
26.64	-0.0824896
26.65	-0.111841
26.66	-0.149987
26.67	-0.219004
26.68	-0.301336
26.69	-0.245139
26.7	-0.248571
26.71	-0.205886
26.72	-0.129778
26.73	-0.138285
26.74	-0.021016
26.75	-0.00493285
26.76	0.0156251
26.77	0.133762
26.78	0.121612
26.79	0.139729
26.8	0.151796
26.81	0.176973
26.82	0.1921
26.83	0.123274
26.84	0.234915
26.85	0.303635
26.86	0.286006
26.87	0.301127
26.88	0.185092
26.89	0.217077
26.9	0.244283
26.91	0.183469
26.92	0.118538
26.93	0.00730662
26.94	0.0721766
26.95	0.011735
26.96	-0.106182
26.97	-0.139157
26.98	-0.260295
26.99	-0.278219
27	-0.233487
27.01	-0.216575
27.02	-0.186545
27.03	-0.336901
27.04	-0.353896
27.05	-0.331976
27.06	-0.269426
27.07	-0.185493
27.08	-0.233932
27.09	-0.186546
27.1	-0.171212
27.11	-0.149069
27.12	-0.0648
27.13	-0.10005
27.14	-0.0466965
27.15	-0.0845299
27.16	-0.0980274
27.17	-0.00863636
27.18	-0.0292649
27.19	0.00750415
27.2	-0.013161
27.21	-0.083634
27.22	-0.0758412
27.23	-0.116983
27.24	-0.100849
27.25	-0.142143
27.26	-0.172496
27.27	-0.138423
27.28	0.0183231
27.29	0.600172
27.3	1.02122
27.31	0.80785
27.32	0.302982
27.33	-0.149633
27.34	-0.256359
27.35	-0.341183
27.36	-0.385215
27.37	-0.328667
27.38	-0.372946
27.39	-0.35296
27.4	-0.443143
27.41	-0.559967
27.42	-0.51201
27.43	-0.459463
27.44	-0.305344
27.45	-0.271489
27.46	-0.296363
27.47	-0.258655
27.48	-0.21372
27.49	-0.12573
27.5	-0.115248
27.51	-0.105213
27.52	-0.028124
27.53	-0.107008
27.54	-0.0939445
27.55	-0.0956892
27.56	-0.128989
27.57	-0.223601
27.58	-0.379752
27.59	-0.366539
27.6	-0.420989
27.61	-0.580862
27.62	-0.617946
27.63	-0.618865
27.64	-0.549333
27.65	-0.639034
27.66	-0.733855
27.67	-0.687908
27.68	-0.7546
27.69	-0.744442
27.7	-0.756688
27.71	-0.778417
27.72	-0.739263
27.73	-0.804071
27.74	-0.844876
27.75	-0.872807
27.76	-0.848092
27.77	-0.811222
27.78	-0.979957
27.79	-1.05436
27.8	-1.02972
27.81	-0.998912
27.82	-1.01063
27.83	-1.15781
27.84	-1.18954
27.85	-1.2232
27.86	-1.24114
27.87	-1.22482
27.88	-1.30624
27.89	-1.28536
27.9	-1.33674
27.91	-1.43329
27.92	-1.43825
27.93	-1.50329
27.94	-1.477
27.95	-1.44572
27.96	-1.447
27.97	-1.41601
27.98	-1.33873
27.99	-1.09494
28	-0.93027
28.01	-0.800226
28.02	-0.58449
28.03	-0.495689
28.04	-0.365172
28.05	-0.178512
28.06	0.0500868
28.07	0.353411
28.08	0.584786
28.09	0.849721
28.1	0.993611
28.11	1.10954
28.12	1.24696
28.13	1.15751
28.14	1.01303
28.15	0.748397
28.16	0.461121
28.17	0.277828
28.18	0.0602211
28.19	-0.0278976
28.2	-0.120869
28.21	-0.10938
28.22	0.217341
28.23	0.480182
28.24	0.623879
28.25	0.849232
28.26	1.20907
28.27	1.65584
28.28	1.77247
28.29	1.70244
28.3	1.56921
28.31	1.51264
28.32	1.58497
28.33	1.52546
28.34	1.40442
28.35	1.21071
28.36	1.00306
28.37	0.899862
28.38	0.802615
28.39	0.866681
28.4	0.940282
28.41	0.978543
28.42	1.07372
28.43	1.24252
28.44	1.62257
28.45	1.90204
28.46	1.98086
28.47	1.90787
28.48	1.57937
28.49	1.29425
28.5	1.04805
28.51	0.844524
28.52	0.986307
28.53	1.04658
28.54	1.10142
28.55	1.17815
28.56	1.1114
28.57	1.02688
28.58	0.956432
28.59	1.03687
28.6	1.09764
28.61	1.1272
28.62	1.14723
28.63	0.968013
28.64	0.733517
28.65	0.434997
28.66	-0.0116497
28.67	-0.294531
28.68	-0.364975
28.69	0.0212756
28.7	0.494036
28.71	0.345958
28.72	-0.290811
28.73	-1.0349
28.74	-1.41121
28.75	-1.6962
28.76	-1.91886
28.77	-2.01228
28.78	-2.21901
28.79	-2.32868
28.8	-2.41206
28.81	-2.49156
28.82	-2.36431
28.83	-2.21421
28.84	-1.94473
28.85	-1.59059
28.86	-1.2751
28.87	-0.970508
28.88	-0.846918
28.89	-0.725345
28.9	-0.614305
28.91	-0.525729
28.92	-0.320477
28.93	-0.207274
28.94	-0.0529944
28.95	0.0433896
28.96	0.115142
28.97	0.253075
28.98	0.221607
28.99	0.210841
29	0.193896
29.01	0.137667
29.02	0.168915
29.03	0.133109
29.04	0.254861
29.05	0.457245
29.06	0.601374
29.07	0.777129
29.08	0.810409
29.09	0.938292
29.1	1.04473
29.11	1.1437
29.12	1.1721
29.13	0.968272
29.14	0.839438
29.15	0.772996
29.16	0.690264
29.17	0.734785
29.18	0.678982
29.19	0.58763
29.2	0.44313
29.21	0.290215
29.22	0.247615
29.23	0.11524
29.24	0.10022
29.25	0.0515724
29.26	-0.0612993
29.27	-0.0865872
29.28	-0.242099
29.29	-0.315988
29.3	-0.431063
29.31	-0.605186
29.32	-0.670103
29.33	-0.818945
29.34	-0.830513
29.35	-0.807048
29.36	-0.864299
29.37	-0.850366
29.38	-0.889227
29.39	-0.762297
29.4	-0.611872
29.41	-0.539501
29.42	-0.325273
29.43	-0.209259
29.44	-0.113452
29.45	-0.144705
29.46	-0.154437
29.47	0.113431
29.48	0.297811
29.49	0.408264
29.5	0.443075
29.51	0.520474
29.52	0.790339
29.53	0.864687
29.54	0.947138
29.55	1.08213
29.56	1.25044
29.57	1.54312
29.58	1.71351
29.59	1.90431
29.6	2.08655
29.61	2.22534
29.62	2.36747
29.63	2.20114
29.64	2.0692
29.65	1.98618
29.66	1.8646
29.67	1.80327
29.68	1.65181
29.69	1.58112
29.7	1.35667
29.71	0.799017
29.72	0.236407
29.73	-0.251295
29.74	-0.578621
29.75	-0.921707
29.76	-1.30065
29.77	-1.43648
29.78	-1.4992
29.79	-1.4671
29.8	-1.53717
29.81	-1.61914
29.82	-1.64113
29.83	-1.783
29.84	-1.9006
29.85	-2.062
29.86	-2.16987
29.87	-2.11891
29.88	-2.14182
29.89	-2.09741
29.9	-2.10394
29.91	-2.09782
29.92	-1.96007
29.93	-1.97017
29.94	-1.98797
29.95	-2.08291
29.96	-2.21571
29.97	-2.18265
29.98	-2.18331
29.99	-2.09816
30	-2.02453
30.01	-1.93264
30.02	-1.52107
30.03	-0.95915
30.04	-0.533921
30.05	-0.667934
30.06	-1.09419
30.07	-1.28846
30.08	-1.28955
30.09	-1.12393
30.1	-0.97053
30.11	-0.874068
30.12	-0.646666
30.13	-0.38542
30.14	-0.0134593
30.15	0.293929
30.16	0.458195
30.17	0.533778
30.18	0.44095
30.19	0.52283
30.2	0.654386
30.21	0.673228
30.22	0.744512
30.23	0.617468
30.24	0.535888
30.25	0.465276
30.26	0.385305
30.27	0.42566
30.28	0.394022
30.29	0.445952
30.3	0.477723
30.31	0.473472
30.32	0.536628
30.33	0.478445
30.34	0.450871
30.35	0.409712
30.36	0.415537
30.37	0.570281
30.38	0.633078
30.39	0.697951
30.4	0.657186
30.41	0.582866
30.42	0.679227
30.43	0.677901
30.44	0.666462
30.45	0.638976
30.46	0.613436
30.47	0.638727
30.48	0.555593
30.49	0.54117
30.5	0.478708
30.51	0.388981
30.52	0.454187
30.53	0.440318
30.54	0.450506
30.55	0.412873
30.56	0.331295
30.57	0.358554
30.58	0.276505
30.59	0.27918
30.6	0.254624
30.61	0.120282
30.62	0.193912
30.63	0.256657
30.64	0.302706
30.65	0.305481
30.66	0.300169
30.67	0.320581
30.68	0.3014
30.69	0.394039
30.7	0.428298
30.71	0.362404
30.72	0.437418
30.73	0.42356
30.74	0.479659
30.75	0.530059
30.76	0.530664
30.77	0.566891
30.78	0.417339
30.79	0.349704
30.8	0.322948
30.81	0.215539
30.82	0.218666
30.83	0.122385
30.84	-0.00149224
30.85	-0.176446
30.86	-0.233376
30.87	-0.118548
30.88	-0.15166
30.89	-0.130127
30.9	-0.00642141
30.91	0.00342214
30.92	-0.000370488
30.93	-0.0555807
30.94	0.00043042
30.95	0.0800413
30.96	0.0656966
30.97	0.00553522
30.98	-0.089024
30.99	-0.0369627
31	-0.0374564
31.01	-0.124552
31.02	-0.0577799
31.03	-0.0326144
31.04	0.042138
31.05	0.0816926
31.06	-0.103397
31.07	-0.184802
31.08	-0.201297
31.09	-0.214292
31.1	-0.282074
31.11	-0.332
31.12	-0.232826
31.13	-0.261809
31.14	-0.341293
31.15	-0.319445
31.16	-0.287986
31.17	-0.299954
31.18	-0.380253
31.19	-0.252442
31.2	-0.198344
31.21	-0.174718
31.22	0.315737
31.23	0.930863
31.24	1.07452
31.25	0.650356
31.26	0.177128
31.27	-0.0101744
31.28	-0.159378
31.29	-0.194106
31.3	-0.212236
31.31	-0.282181
31.32	-0.316406
31.33	-0.421454
31.34	-0.36956
31.35	-0.325976
31.36	-0.330089
31.37	-0.258958
31.38	-0.322947
31.39	-0.326053
31.4	-0.320668
31.41	-0.37327
31.42	-0.293744
31.43	-0.226067
31.44	-0.0203743
31.45	0.207466
31.46	0.344143
31.47	0.54687
31.48	0.620949
31.49	0.655226
31.5	0.641905
31.51	0.56354
31.52	0.620929
31.53	0.704489
31.54	0.88147
31.55	0.925702
31.56	0.891654
31.57	0.991574
31.58	0.971567
31.59	0.937249
31.6	0.893808
31.61	0.795883
31.62	0.745427
31.63	0.607562
31.64	0.558082
31.65	0.51466
31.66	0.397277
31.67	0.347014
31.68	0.293088
31.69	0.318072
31.7	0.316368
31.71	0.251206
31.72	0.247957
31.73	0.156356
31.74	0.092754
31.75	0.0383172
31.76	-0.0360183
31.77	0.0125973
31.78	-0.00427718
31.79	-0.0123774
31.8	-0.077283
31.81	-0.173872
31.82	-0.178714
31.83	-0.251297
31.84	-0.253528
31.85	-0.26022
31.86	-0.290377
31.87	-0.214755
31.88	-0.244925
31.89	-0.268726
31.9	-0.292354
31.91	-0.363185
31.92	-0.378741
31.93	-0.41574
31.94	-0.380012
31.95	-0.380673
31.96	-0.463243
31.97	-0.470221
31.98	-0.53759
31.99	-0.512725
32	-0.461108
32.01	-0.46768
32.02	-0.407175
32.03	-0.416978
32.04	-0.3877
32.05	-0.367506
32.06	-0.369243
32.07	-0.297943
32.08	-0.346035
32.09	-0.345293
32.1	-0.350287
32.11	-0.386845
32.12	-0.309379
32.13	-0.314764
32.14	-0.300639
32.15	-0.266524
32.16	-0.271387
32.17	-0.223458
32.18	-0.229632
32.19	-0.165583
32.2	-0.116211
32.21	-0.137173
32.22	-0.0761403
32.23	-0.092184
32.24	-0.0671417
32.25	-0.0445594
32.26	-0.0699586
32.27	-0.0260767
32.28	-0.0506267
32.29	-0.042774
32.3	-0.0198117
32.31	-0.0348963
32.32	0.0338332
32.33	0.0419891
32.34	0.0520314
32.35	0.0274825
32.36	-0.0522959
32.37	0.00404424
32.38	0.0181904
32.39	0.0284372
32.4	0.00946273
32.41	-0.0608918
32.42	-0.0687499
32.43	-0.150104
32.44	-0.183042
32.45	-0.218039
32.46	-0.256241
32.47	0.0587902
32.48	0.602229
32.49	0.961549
32.5	0.724671
32.51	0.200941
32.52	-0.117423
32.53	-0.31119
32.54	-0.315244
32.55	-0.27012
32.56	-0.313744
32.57	-0.287801
32.58	-0.291928
32.59	-0.276424
32.6	-0.226691
32.61	-0.265316
32.62	-0.286977
32.63	-0.343786
32.64	-0.389412
32.65	-0.436007
32.66	-0.497477
32.67	-0.439732
32.68	-0.386687
32.69	-0.247942
32.7	-0.243143
32.71	-0.286023
32.72	-0.225445
32.73	-0.305924
32.74	-0.388603
32.75	-0.510177
32.76	-0.635005
32.77	-0.735312
32.78	-0.94037
32.79	-0.926068
32.8	-0.756677
32.81	-0.804074
32.82	-0.896911
32.83	-1.10815
32.84	-1.30781
32.85	-1.30781
32.86	-1.17301
32.87	-0.958092
32.88	-0.913762
32.89	-0.863472
32.9	-0.815555
32.91	-0.815697
32.92	-0.598801
32.93	-0.394726
32.94	-0.260382
32.95	-0.361588
32.96	-0.670979
32.97	-0.975226
32.98	-1.37058
32.99	-1.65381
33	-1.76235
33.01	-1.72606
33.02	-1.44309
33.03	-1.2182
33.04	-1.01045
33.05	-0.869286
33.06	-0.797276
33.07	-0.665684
33.08	-0.611349
33.09	-0.448767
33.1	-0.185085
33.11	0.0603182
33.12	0.27778
33.13	0.258608
33.14	0.204248
33.15	0.165099
33.16	0.000980349
33.17	-0.113002
33.18	-0.294153
33.19	-0.337018
33.2	-0.144351
33.21	0.260381
33.22	0.728045
33.23	1.16465
33.24	1.58505
33.25	1.98657
33.26	2.18214
33.27	2.27222
33.28	2.1991
33.29	2.08409
33.3	1.98104
33.31	1.88617
33.32	1.87326
33.33	1.79065
33.34	1.73187
33.35	1.75129
33.36	1.73769
33.37	1.77665
33.38	1.74288
33.39	1.60938
33.4	1.48137
33.41	1.39135
33.42	1.34638
33.43	1.29973
33.44	1.18442
33.45	1.11492
33.46	1.08258
33.47	1.00641
33.48	0.872486
33.49	0.734994
33.5	0.599547
33.51	0.401667
33.52	0.28654
33.53	0.181421
33.54	-0.0402414
33.55	-0.306912
33.56	-0.660484
33.57	-0.824574
33.58	-0.955053
33.59	-1.15218
33.6	-1.31406
33.61	-1.35654
33.62	-1.27775
33.63	-1.18525
33.64	-1.01877
33.65	-0.728251
33.66	-0.192884
33.67	0.543927
33.68	1.02875
33.69	0.921593
33.7	0.616369
33.71	0.33107
33.72	0.258578
33.73	0.262243
33.74	0.280671
33.75	0.292782
33.76	0.253377
33.77	0.28609
33.78	0.342898
33.79	0.700901
33.8	0.944424
33.81	1.192
33.82	1.43254
33.83	1.54861
33.84	1.55021
33.85	1.52951
33.86	1.49199
33.87	1.37131
33.88	1.17962
33.89	1.09484
33.9	1.08123
33.91	1.08782
33.92	1.12049
33.93	1.16658
33.94	1.29281
33.95	1.48537
33.96	1.74431
33.97	1.88427
33.98	1.98022
33.99	2.12046
34	2.15478
34.01	2.16491
34.02	2.10323
34.03	1.83476
34.04	1.52159
34.05	1.24427
34.06	0.965758
34.07	0.611623
34.08	0.293167
34.09	0.0874477
34.1	-0.200225
34.11	-0.456663
34.12	-0.682727
34.13	-0.887998
34.14	-1.04455
34.15	-1.29553
34.16	-1.43149
34.17	-1.47237
34.18	-1.50873
34.19	-1.46921
34.2	-1.40682
34.21	-1.21852
34.22	-0.998249
34.23	-0.786005
34.24	-0.512595
34.25	-0.281892
34.26	-0.0190806
34.27	0.251031
34.28	0.440296
34.29	0.606552
34.3	0.716009
34.31	0.818405
34.32	0.936502
34.33	1.07357
34.34	1.18668
34.35	1.15769
34.36	1.10152
34.37	1.01591
34.38	0.846842
34.39	0.623053
34.4	0.437484
34.41	0.255126
34.42	0.0258557
34.43	-0.223424
34.44	-0.454059
34.45	-0.655977
34.46	-0.857701
34.47	-1.00032
34.48	-1.17576
34.49	-1.394
34.5	-1.60244
34.51	-1.79233
34.52	-1.87668
34.53	-1.85833
34.54	-1.86609
34.55	-1.79004
34.56	-1.63378
34.57	-1.41177
34.58	-1.21058
34.59	-1.11721
34.6	-1.06145
34.61	-1.04758
34.62	-1.04843
34.63	-1.05051
34.64	-1.09541
34.65	-1.09103
34.66	-1.0935
34.67	-1.09319
34.68	-1.06033
34.69	-1.02574
34.7	-0.951265
34.71	-0.928854
34.72	-0.919655
34.73	-0.897861
34.74	-0.936787
34.75	-0.814974
34.76	-0.345816
34.77	0.126061
34.78	0.0452992
34.79	-0.466939
34.8	-0.840621
34.81	-1.0003
34.82	-1.02786
34.83	-1.00187
34.84	-0.9166
34.85	-0.821829
34.86	-0.79853
34.87	-0.723656
34.88	-0.675691
34.89	-0.712282
34.9	-0.693362
34.91	-0.662944
34.92	-0.590921
34.93	-0.577297
34.94	-0.527958
34.95	-0.360449
34.96	-0.272688
34.97	-0.180189
34.98	-0.0716323
34.99	0.0127319
35	0.113472
35.01	0.110632
35.02	0.12334
35.03	0.0609744
35.04	-0.0351534
35.05	-0.103765
35.06	-0.240563
35.07	-0.357171
35.08	-0.458761
35.09	-0.475017
35.1	-0.399896
35.11	-0.412322
35.12	-0.415525
35.13	-0.434457
35.14	-0.462267
35.15	-0.461601
35.16	-0.518158
35.17	-0.480103
35.18	-0.440457
35.19	-0.493227
35.2	-0.539378
35.21	-0.559195
35.22	-0.501401
35.23	-0.489959
35.24	-0.483871
35.25	-0.45751
35.26	-0.505147
35.27	-0.508345
35.28	-0.47735
35.29	-0.496178
35.3	-0.491883
35.31	-0.461428
35.32	-0.360941
35.33	-0.316832
35.34	-0.265184
35.35	-0.128338
35.36	-0.106554
35.37	-0.028206
35.38	0.0879639
35.39	0.22279
35.4	0.415147
35.41	0.52478
35.42	0.67144
35.43	0.774659
35.44	0.833132
35.45	0.940021
35.46	0.963777
35.47	1.09756
35.48	1.22362
35.49	1.27562
35.5	1.24106
35.51	1.14597
35.52	1.10514
35.53	0.979583
35.54	0.804567
35.55	0.635349
35.56	0.556088
35.57	0.603932
35.58	0.616842
35.59	0.682931
35.6	1.10403
35.61	1.84893
35.62	2.33202
35.63	2.18051
35.64	1.81826
35.65	1.59243
35.66	1.62827
35.67	1.76872
35.68	1.90968
35.69	2.06926
35.7	2.23918
35.71	2.31564
35.72	2.33371
35.73	2.28336
35.74	2.11955
35.75	1.86468
35.76	1.53286
35.77	1.17772
35.78	0.771906
35.79	0.35996
35.8	-0.0239032
35.81	-0.40773
35.82	-0.708173
35.83	-0.828547
35.84	-0.778154
35.85	-0.727329
35.86	-0.756255
35.87	-0.767599
35.88	-0.746423
35.89	-0.747684
35.9	-0.782823
35.91	-0.940678
35.92	-1.07026
35.93	-1.18964
35.94	-1.29471
35.95	-1.38143
35.96	-1.42618
35.97	-1.23228
35.98	-0.948845
35.99	-0.74121
36	-0.62204
36.01	-0.480382
36.02	-0.231341
36.03	-0.0174966
36.04	0.238901
36.05	0.555033
36.06	0.697347
36.07	0.746266
36.08	0.682679
36.09	0.469504
36.1	0.204764
36.11	-0.180696
36.12	-0.511844
36.13	-0.793565
36.14	-1.12059
36.15	-1.24882
36.16	-1.09928
36.17	-0.917729
36.18	-0.666333
36.19	-0.459495
36.2	-0.306877
36.21	-0.162887
36.22	-0.105358
36.23	-0.0816388
36.24	-0.100402
36.25	-0.148542
36.26	-0.193127
36.27	-0.275211
36.28	-0.305365
36.29	-0.309635
36.3	-0.263691
36.31	-0.140423
36.32	-0.0251819
36.33	0.0398316
36.34	0.0138803
36.35	-0.0521993
36.36	-0.0816087
36.37	-0.0633081
36.38	-0.0396022
36.39	-0.0206575
36.4	0.0130629
36.41	0.000867171
36.42	-0.000804837
36.43	0.0367189
36.44	0.0785893
36.45	0.102628
36.46	0.0428477
36.47	-0.0589211
36.48	-0.135106
36.49	-0.148457
36.5	-0.196811
36.51	-0.281546
36.52	-0.312995
36.53	-0.308895
36.54	-0.339833
36.55	-0.335019
36.56	-0.0837381
36.57	0.502801
36.58	0.862269
36.59	0.672868
36.6	0.299848
36.61	0.0423168
36.62	-0.0805892
36.63	-0.126431
36.64	-0.145438
36.65	-0.181748
36.66	-0.250086
36.67	-0.286539
36.68	-0.254364
36.69	-0.218538
36.7	-0.227703
36.71	-0.295929
36.72	-0.339975
36.73	-0.364681
36.74	-0.458005
36.75	-0.493519
36.76	-0.500559
36.77	-0.4556
36.78	-0.444287
36.79	-0.443381
36.8	-0.383252
36.81	-0.330162
36.82	-0.252873
36.83	-0.22143
36.84	-0.192967
36.85	-0.146299
36.86	-0.173108
36.87	-0.175992
36.88	-0.160963
36.89	-0.150278
36.9	-0.138469
36.91	-0.187451
36.92	-0.183338
36.93	-0.203857
36.94	-0.239827
36.95	-0.196755
36.96	-0.148896
36.97	-0.0715919
36.98	-0.0493467
36.99	-0.0319248
37	0.0304453
37.01	0.0213699
37.02	0.0464077
37.03	0.0936502
37.04	0.0785661
37.05	0.0984601
37.06	0.108538
37.07	0.140204
37.08	0.155413
37.09	0.130708
37.1	0.160532
