Time	Lead II
0	0
0.01	0
0.02	0
0.03	0
0.04	0
0.05	0
0.06	0
0.07	0
0.08	0
0.09	0
0.1	0
0.11	0
0.12	0
0.13	0
0.14	0
0.15	0
0.16	0
0.17	0
0.18	0
0.19	0
0.2	0
0.21	0
0.22	0
0.23	0
0.24	0
0.25	0
0.26	0
0.27	0
0.28	0
0.29	0
0.3	0
0.31	0
0.32	0
0.33	0
0.34	0
0.35	0
0.36	0
0.37	0
0.38	0
0.39	0
0.4	0
0.41	0
0.42	0
0.43	0
0.44	0
0.45	0
0.46	0
0.47	0
0.48	0
0.49	0
0.5	0
0.51	0
0.52	0
0.53	0
0.54	0
0.55	0
0.56	0
0.57	0
0.58	0
0.59	0
0.6	0
0.61	0
0.62	0
0.63	0
0.64	0
0.65	0
0.66	0
0.67	0
0.68	0
0.69	0
0.7	0
0.71	0
0.72	0
0.73	0
0.74	0
0.75	0
0.76	0
0.77	0
0.78	0
0.79	0
0.8	0
0.81	0
0.82	0
0.83	0
0.84	0
0.85	0
0.86	0
0.87	0
0.88	0
0.89	0
0.9	0
0.91	0
0.92	0
0.93	0
0.94	0
0.95	0
0.96	0
0.97	0
0.98	0
0.99	0
1	0
1.01	0
1.02	0
1.03	0
1.04	0
1.05	0
1.06	0
1.07	0
1.08	0
1.09	0
1.1	0
1.11	0
1.12	0
1.13	0
1.14	0
1.15	0
1.16	0
1.17	0
1.18	0
1.19	0
1.2	0
1.21	0
1.22	0
1.23	0
1.24	0
1.25	0
1.26	0
1.27	0
1.28	0
1.29	0
1.3	0
1.31	0
1.32	0
1.33	0
1.34	0
1.35	0
1.36	0
1.37	0
1.38	0
1.39	0
1.4	0
1.41	0
1.42	0
1.43	0
1.44	0
1.45	0
1.46	0
1.47	0
1.48	0
1.49	0
1.5	0
1.51	0
1.52	0
1.53	0
1.54	0
1.55	0
1.56	0
1.57	0
1.58	0
1.59	0
1.6	0
1.61	0
1.62	0
1.63	0
1.64	0
1.65	0
1.66	0
1.67	0
1.68	0
1.69	0
1.7	0
1.71	0
1.72	0
1.73	0
1.74	0
1.75	0
1.76	0
1.77	0
1.78	0
1.79	0
1.8	0
1.81	0
1.82	0
1.83	0
1.84	0
1.85	0
1.86	0
1.87	0
1.88	0
1.89	0
1.9	0
1.91	0
1.92	0
1.93	0
1.94	0
1.95	0
1.96	0
1.97	0
1.98	0
1.99	0
2	-0.0109356
2.01	-0.16968
2.02	-0.199901
2.03	-0.165328
2.04	-0.0695291
2.05	-0.063718
2.06	-0.0794853
2.07	-0.0809333
2.08	-0.146135
2.09	-0.0869184
2.1	0.213249
2.11	0.788516
2.12	1.05656
2.13	0.76027
2.14	0.375319
2.15	0.078984
2.16	-0.0654956
2.17	-0.0884197
2.18	-0.118083
2.19	-0.0803467
2.2	-0.0941515
2.21	-0.118326
2.22	-0.109318
2.23	-0.138959
2.24	-0.107821
2.25	-0.126998
2.26	-0.124079
2.27	-0.0845066
2.28	-0.133847
2.29	-0.157063
2.3	-0.194485
2.31	-0.174368
2.32	-0.138895
2.33	-0.123511
2.34	-0.0902489
2.35	-0.110651
2.36	-0.0787704
2.37	-0.0126876
2.38	-0.0381318
2.39	-0.0224989
2.4	-0.048307
2.41	-0.0428155
2.42	0.00397087
2.43	-0.025911
2.44	-0.00450498
2.45	-0.0130992
2.46	-0.0141802
2.47	-0.0141121
2.48	-0.0491576
2.49	0.00845348
2.5	0.022383
2.51	0.0455611
2.52	0.101978
2.53	0.109731
2.54	0.138756
2.55	0.0551939
2.56	-0.0114463
2.57	-0.0114404
2.58	-0.0761702
2.59	-0.0782395
2.6	-0.109822
2.61	-0.0971925
2.62	-0.091872
2.63	-0.0805405
2.64	0.329442
2.65	0.924063
2.66	1.06941
2.67	0.719677
2.68	0.245249
2.69	0.00528194
2.7	-0.0913231
2.71	-0.126751
2.72	-0.131859
2.73	-0.163563
2.74	-0.13866
2.75	-0.148973
2.76	-0.15413
2.77	-0.145408
2.78	-0.166697
2.79	-0.124997
2.8	-0.162637
2.81	-0.183931
2.82	-0.17548
2.83	-0.202837
2.84	-0.175541
2.85	-0.192982
2.86	-0.175877
2.87	-0.142982
2.88	-0.161312
2.89	-0.122302
2.9	-0.108678
2.91	-0.0710621
2.92	-0.0353075
2.93	-0.0656931
2.94	-0.022027
2.95	-0.0452782
2.96	-0.0581949
2.97	-0.0610515
2.98	-0.103888
2.99	-0.0558516
3	-0.0587971
3.01	-0.0571922
3.02	-0.0368967
3.03	-0.0826915
3.04	-0.0577431
3.05	-0.0448934
3.06	0.00294213
3.07	0.0727423
3.08	0.085025
3.09	0.0890269
3.1	-0.00132749
3.11	-0.0663541
3.12	-0.0934417
3.13	-0.1727
3.14	-0.151988
3.15	-0.155221
3.16	-0.139713
3.17	-0.150724
3.18	-0.0659211
3.19	0.411293
3.2	0.940006
3.21	0.979985
3.22	0.577307
3.23	0.125785
3.24	-0.0501317
3.25	-0.149996
3.26	-0.170673
3.27	-0.163301
3.28	-0.194126
3.29	-0.148804
3.3	-0.162608
3.31	-0.170532
3.32	-0.17936
3.33	-0.196113
3.34	-0.143673
3.35	-0.163481
3.36	-0.174009
3.37	-0.153713
3.38	-0.186727
3.39	-0.172648
3.4	-0.200315
3.41	-0.16047
3.42	-0.0989177
3.43	-0.118318
3.44	-0.0712636
3.45	-0.0689017
3.46	-0.0240326
3.47	-0.0152357
3.48	-0.0718543
3.49	-0.0265922
3.5	-0.0179171
3.51	0.00951384
3.52	-0.00241559
3.53	-0.059068
3.54	-0.0116753
3.55	-0.0115567
3.56	-0.0129444
3.57	-0.0234526
3.58	-0.0601854
3.59	-0.0135716
3.6	-0.00487196
3.61	0.0622686
3.62	0.135353
3.63	0.142574
3.64	0.176443
3.65	0.0963006
3.66	0.0307349
3.67	0.000992969
3.68	-0.0587081
3.69	-0.0533075
3.7	-0.0758772
3.71	-0.0795867
3.72	-0.0671938
3.73	-0.0717118
3.74	0.195357
3.75	0.721116
3.76	1.13865
3.77	0.971244
3.78	0.486037
3.79	0.150451
3.8	-0.104203
3.81	-0.149191
3.82	-0.095658
3.83	-0.117506
3.84	-0.122239
3.85	-0.213694
3.86	-0.188828
3.87	-0.164061
3.88	-0.166503
3.89	-0.101533
3.9	-0.129724
3.91	-0.111305
3.92	-0.124578
3.93	-0.183006
3.94	-0.131341
3.95	-0.161352
3.96	-0.143638
3.97	-0.104382
3.98	-0.109242
3.99	-0.0506026
4	-0.0950172
4.01	-0.0413158
4.02	0.00722145
4.03	-0.0367152
4.04	-0.0260396
4.05	-0.0498092
4.06	0.000650327
4.07	-0.011387
4.08	-0.0499211
4.09	0.000310318
4.1	-0.0609265
4.11	-0.0479184
4.12	-0.0385291
4.13	-0.0620205
4.14	-0.00808167
4.15	-0.0790393
4.16	-0.0585312
4.17	-0.0151847
4.18	-0.000144251
4.19	0.104235
4.2	0.0713806
4.21	0.111872
4.22	0.127818
4.23	0.0185776
4.24	-0.0324855
4.25	-0.122129
4.26	-0.0829867
4.27	-0.0372557
4.28	-0.0825633
4.29	-0.0912998
4.3	-0.0890458
4.31	0.32787
4.32	0.932339
4.33	1.11455
4.34	0.844529
4.35	0.365529
4.36	0.0885148
4.37	-0.0470556
4.38	-0.110941
4.39	-0.0474766
4.4	-0.103069
4.41	-0.101659
4.42	-0.108768
4.43	-0.117335
4.44	-0.0277534
4.45	-0.077978
4.46	-0.0625195
4.47	-0.0689688
4.48	-0.131419
4.49	-0.076983
4.5	-0.128596
4.51	-0.115656
4.52	-0.0992078
4.53	-0.118032
4.54	-0.0576436
4.55	-0.084965
4.56	-0.0454173
4.57	-0.0233092
4.58	-0.0251413
4.59	0.0182624
4.6	-0.040804
4.61	-0.000792654
4.62	0.0106851
4.63	-0.0180158
4.64	0.0403221
4.65	-0.0274218
4.66	-0.0280692
4.67	-0.037831
4.68	-0.0610768
4.69	-0.0246083
4.7	-0.0771557
4.71	-0.0592207
4.72	-0.0673743
4.73	-0.0833792
4.74	0.00473906
4.75	-0.0082957
4.76	0.0575166
4.77	0.116847
4.78	0.0785004
4.79	0.0655757
4.8	-0.0517588
4.81	-0.0612647
4.82	-0.0695507
4.83	-0.142225
4.84	-0.0954187
4.85	-0.127941
4.86	-0.110329
4.87	-0.0528233
4.88	0.274268
4.89	0.919662
4.9	1.06706
4.91	0.761693
4.92	0.333494
4.93	-0.00350842
4.94	-0.0738184
4.95	-0.135003
4.96	-0.10756
4.97	-0.123873
4.98	-0.152544
4.99	-0.10361
5	-0.0755451
5.01	-0.0748423
5.02	-0.0964028
5.03	-0.147578
5.04	-0.0810471
5.05	-0.138517
5.06	-0.143768
5.07	-0.133978
5.08	-0.174878
5.09	-0.114837
5.1	-0.139266
5.11	-0.101162
5.12	-0.0685705
5.13	-0.0940689
5.14	-0.0171796
5.15	-0.0354392
5.16	-0.0171923
5.17	-0.00674178
5.18	-0.0395504
5.19	0.0191524
5.2	-0.0434536
5.21	-0.0254663
5.22	0.0144795
5.23	-0.034849
5.24	0.013425
5.25	-0.0235902
5.26	-0.018851
5.27	-0.0312644
5.28	-0.0829965
5.29	-0.00901086
5.3	-0.0487671
5.31	-0.00932949
5.32	0.0409617
5.33	0.000225007
5.34	0.0794771
5.35	0.0988393
5.36	0.0973893
5.37	0.0729093
5.38	-0.00828913
5.39	-0.00590947
5.4	-0.0931766
5.41	-0.104262
5.42	-0.0993695
5.43	-0.143406
5.44	-0.111982
5.45	-0.107903
5.46	0.269624
5.47	0.879059
5.48	1.06618
5.49	0.777758
5.5	0.25847
5.51	-0.011045
5.52	-0.106657
5.53	-0.190613
5.54	-0.156069
5.55	-0.204039
5.56	-0.189918
5.57	-0.158162
5.58	-0.210081
5.59	-0.177991
5.6	-0.237764
5.61	-0.22321
5.62	-0.214824
5.63	-0.242205
5.64	-0.167099
5.65	-0.23824
5.66	-0.246167
5.67	-0.197203
5.68	-0.223227
5.69	-0.153744
5.7	-0.171185
5.71	-0.112139
5.72	-0.0525764
5.73	-0.0765465
5.74	0.00695929
5.75	-0.0062789
5.76	0.00639503
5.77	0.0168374
5.78	-0.01216
5.79	0.0517152
5.8	-0.00171887
5.81	-0.00396798
5.82	0.0210422
5.83	0.00809539
5.84	0.0606472
5.85	-0.00522482
5.86	0.00661213
5.87	0.0544003
5.88	0.0446713
5.89	0.114013
5.9	0.103395
5.91	0.182597
5.92	0.219831
5.93	0.167571
5.94	0.201143
5.95	0.0864524
5.96	0.0249725
5.97	0.0279142
5.98	-0.0401098
5.99	0.000347218
6	-0.0571827
6.01	-0.0682053
6.02	0.0415283
6.03	0.442469
6.04	1.0608
6.05	1.05438
6.06	0.66839
6.07	0.253154
6.08	-0.0473829
6.09	-0.100011
6.1	-0.176362
6.11	-0.155316
6.12	-0.128514
6.13	-0.191441
6.14	-0.153336
6.15	-0.181934
6.16	-0.15124
6.17	-0.134714
6.18	-0.192074
6.19	-0.150228
6.2	-0.191297
6.21	-0.16059
6.22	-0.16418
6.23	-0.21471
6.24	-0.147863
6.25	-0.174907
6.26	-0.14128
6.27	-0.112765
6.28	-0.103797
6.29	-0.00805035
6.3	-0.0331714
6.31	-0.0360562
6.32	-0.0313337
6.33	-0.048851
6.34	0.0345603
6.35	-0.0198391
6.36	-0.0103544
6.37	-0.0023776
6.38	-0.0362798
6.39	0.0285201
6.4	-0.0276385
6.41	-0.0199654
6.42	-0.0173877
6.43	-0.045471
6.44	0.00791201
6.45	-0.0380195
6.46	0.016426
6.47	0.078043
6.48	0.0732301
6.49	0.173441
6.5	0.155133
6.51	0.146928
6.52	0.0872598
6.53	-0.0137268
6.54	0.00974107
6.55	-0.0667971
6.56	-0.064739
6.57	-0.051432
6.58	-0.085768
6.59	-0.0347881
6.6	0.127704
6.61	0.707145
6.62	1.15767
6.63	0.950885
6.64	0.517121
6.65	0.0822798
6.66	-0.0775947
6.67	-0.122116
6.68	-0.118706
6.69	-0.0601089
6.7	-0.158724
6.71	-0.12562
6.72	-0.11359
6.73	-0.152149
6.74	-0.096713
6.75	-0.142562
6.76	-0.127416
6.77	-0.125674
6.78	-0.140215
6.79	-0.114681
6.8	-0.222961
6.81	-0.219648
6.82	-0.181245
6.83	-0.195655
6.84	-0.118804
6.85	-0.147384
6.86	-0.113124
6.87	-0.0855391
6.88	-0.103224
6.89	-0.0375425
6.9	-0.0906321
6.91	-0.0725671
6.92	-0.044022
6.93	-0.0515874
6.94	0.015524
6.95	-0.0540039
6.96	-0.0409553
6.97	-0.0340852
6.98	-0.0768407
6.99	-0.0282818
7	-0.0674202
7.01	-0.0285853
7.02	0.00748754
7.03	-0.0230254
7.04	0.0433129
7.05	0.058181
7.06	0.152829
7.07	0.170548
7.08	0.0863257
7.09	0.0538601
7.1	-0.0584904
7.11	-0.0478074
7.12	-0.0488333
7.13	-0.082686
7.14	-0.0602842
7.15	-0.141291
7.16	-0.0213428
7.17	0.359044
7.18	0.897711
7.19	1.13181
7.2	0.731369
7.21	0.295484
7.22	0.0113588
7.23	-0.145908
7.24	-0.134122
7.25	-0.201045
7.26	-0.175421
7.27	-0.167775
7.28	-0.216308
7.29	-0.164416
7.3	-0.185662
7.31	-0.140155
7.32	-0.164399
7.33	-0.217878
7.34	-0.158357
7.35	-0.225086
7.36	-0.204823
7.37	-0.213328
7.38	-0.266868
7.39	-0.203271
7.4	-0.22149
7.41	-0.162265
7.42	-0.130653
7.43	-0.138751
7.44	-0.0879483
7.45	-0.109573
7.46	-0.0484839
7.47	-0.0263492
7.48	-0.0670421
7.49	-0.0152875
7.5	-0.0466731
7.51	0.00284258
7.52	0.00126134
7.53	-0.059875
7.54	-0.0059432
7.55	-0.0267813
7.56	0.0201849
7.57	0.00442255
7.58	-0.0638031
7.59	0.00562146
7.6	-0.00790121
7.61	0.0599249
7.62	0.112161
7.63	0.137602
7.64	0.219073
7.65	0.131416
7.66	0.0996912
7.67	0.0344902
7.68	-0.0585026
7.69	-0.0400292
7.7	-0.10705
7.71	-0.0897821
7.72	-0.108251
7.73	-0.065532
7.74	0.336128
7.75	0.867736
7.76	1.12482
7.77	0.814779
7.78	0.319418
7.79	0.0673401
7.8	-0.117411
7.81	-0.126127
7.82	-0.11821
7.83	-0.141953
7.84	-0.11786
7.85	-0.172957
7.86	-0.113044
7.87	-0.118509
7.88	-0.15336
7.89	-0.107061
7.9	-0.154701
7.91	-0.103142
7.92	-0.0958675
7.93	-0.168036
7.94	-0.152175
7.95	-0.201836
7.96	-0.149471
7.97	-0.137277
7.98	-0.153321
7.99	-0.0763927
8	-0.0971529
8.01	-0.0419315
8.02	-0.0343461
8.03	-0.0775504
8.04	-0.0394997
8.05	-0.0643127
8.06	-0.00134765
8.07	0.00710594
8.08	-0.017415
8.09	0.00657499
8.1	-0.0673301
8.11	-0.0189965
8.12	0.0151595
8.13	-0.0271276
8.14	-0.0177355
8.15	-0.0710106
8.16	-0.00749435
8.17	0.0192132
8.18	0.0145686
8.19	0.0885539
8.2	0.103419
8.21	0.195153
8.22	0.195106
8.23	0.0953323
8.24	0.0814719
8.25	-0.0177944
8.26	-0.0380071
8.27	-0.0692636
8.28	-0.0930774
8.29	-0.0679652
8.3	-0.120942
8.31	0.0957042
8.32	0.594465
8.33	1.0714
8.34	1.05251
8.35	0.546925
8.36	0.157443
8.37	-0.0455378
8.38	-0.135779
8.39	-0.107232
8.4	-0.144251
8.41	-0.119537
8.42	-0.144218
8.43	-0.170625
8.44	-0.120907
8.45	-0.163386
8.46	-0.116434
8.47	-0.12571
8.48	-0.146795
8.49	-0.131217
8.5	-0.214045
8.51	-0.167418
8.52	-0.173605
8.53	-0.216143
8.54	-0.168266
8.55	-0.189837
8.56	-0.149603
8.57	-0.125446
8.58	-0.0944865
8.59	-0.0454923
8.6	-0.106531
8.61	-0.0625631
8.62	-0.0584642
8.63	-0.0688703
8.64	0.00188133
8.65	-0.0606096
8.66	-0.0401476
8.67	-0.0501598
8.68	-0.0666084
8.69	-0.0104431
8.7	-0.0606117
8.71	-0.0352291
8.72	-0.0361589
8.73	-0.06997
8.74	-0.0302757
8.75	-0.0692429
8.76	-0.0495789
8.77	-0.0785648
8.78	-0.0388377
8.79	0.0532774
8.8	0.0260336
8.81	0.106511
8.82	0.144795
8.83	0.109124
8.84	0.0947853
8.85	-0.0142304
8.86	-0.0303195
8.87	-0.0566928
8.88	-0.0954442
8.89	-0.0603892
8.9	-0.141219
8.91	-0.0726857
8.92	0.16228
8.93	0.683552
8.94	1.15649
8.95	0.907684
8.96	0.475822
8.97	0.11789
8.98	-0.0648355
8.99	-0.0618372
9	-0.139366
9.01	-0.117391
9.02	-0.135993
9.03	-0.152384
9.04	-0.098579
9.05	-0.150763
9.06	-0.11415
9.07	-0.120764
9.08	-0.138731
9.09	-0.10181
9.1	-0.177091
9.11	-0.146948
9.12	-0.162065
9.13	-0.211026
9.14	-0.186668
9.15	-0.243703
9.16	-0.224293
9.17	-0.209101
9.18	-0.128496
9.19	-0.04463
9.2	-0.127018
9.21	-0.0862915
9.22	-0.0902546
9.23	-0.147956
9.24	-0.10526
9.25	-0.117096
9.26	-0.0570029
9.27	-0.119529
9.28	-0.25024
9.29	-0.19326
9.3	-0.170033
9.31	-0.0649765
9.32	-0.0442541
9.33	-0.119453
9.34	-0.0648493
9.35	-0.1106
9.36	-0.116897
9.37	-0.126469
9.38	-0.147432
9.39	-0.0790562
9.4	-0.131861
9.41	-0.0731033
9.42	-0.0130644
9.43	-0.00324881
9.44	0.0941843
9.45	0.069317
9.46	0.144149
9.47	0.190589
9.48	0.147593
9.49	0.126163
9.5	0.0073442
9.51	0.0116279
9.52	0.016664
9.53	-0.0261118
9.54	0.016929
9.55	-0.0358374
9.56	0.08455
9.57	0.533109
9.58	1.07307
9.59	1.19688
9.6	0.737733
9.61	0.350072
9.62	0.161225
9.63	0.0159079
9.64	0.0352897
9.65	0.00478995
9.66	0.0684393
9.67	0.0809046
9.68	0.0333043
9.69	0.101093
9.7	0.0634677
9.71	0.0936215
9.72	0.106266
9.73	0.0482574
9.74	0.0666593
9.75	0.0233844
9.76	0.0597987
9.77	0.0569338
9.78	0.0247749
9.79	0.0555663
9.8	-0.00946472
9.81	0.0305075
9.82	0.0697203
9.83	0.0727099
9.84	0.0900433
9.85	0.00437243
9.86	0.0166764
9.87	0.024852
9.88	0.00651331
9.89	-0.0104618
9.9	-0.115153
9.91	-0.0397989
9.92	0.0128382
9.93	-0.0162349
9.94	0.0387166
9.95	-0.0445909
9.96	-0.0623461
9.97	-0.0748003
9.98	-0.107943
9.99	-0.0538105
10	-0.0835474
10.01	-0.0448712
10.02	-0.0801556
10.03	-0.122697
10.04	-0.0340519
10.05	-0.0619411
10.06	-0.104275
10.07	-0.141945
10.08	-0.139909
10.09	-0.0594117
10.1	-0.106902
10.11	-0.0689758
10.12	-0.0531876
10.13	-0.0452848
10.14	0.0659129
10.15	0.0469636
10.16	0.0918865
10.17	0.0795842
10.18	0.00456824
10.19	-0.00629218
10.2	-0.0978518
10.21	-0.132748
10.22	-0.148881
10.23	-0.176333
10.24	-0.124098
10.25	-0.0751022
10.26	0.331341
10.27	0.955619
10.28	1.1736
10.29	0.865848
10.3	0.304761
10.31	0.0182997
10.32	-0.0915043
10.33	-0.137118
10.34	-0.101564
10.35	-0.155878
10.36	-0.0978665
10.37	-0.101452
10.38	-0.146066
10.39	-0.107313
10.4	-0.152188
10.41	-0.105003
10.42	-0.0958539
10.43	-0.152728
10.44	-0.131656
10.45	-0.195943
10.46	-0.171053
10.47	-0.182407
10.48	-0.239619
10.49	-0.20177
10.5	-0.260197
10.51	-0.213057
10.52	-0.175277
10.53	-0.15855
10.54	-0.0751369
10.55	-0.06151
10.56	-0.0123314
10.57	-0.0107672
10.58	-0.0414671
10.59	-0.00561005
10.6	-0.0503815
10.61	0.0156529
10.62	0.0337421
10.63	-0.0301948
10.64	-0.00888576
10.65	-0.0496742
10.66	-0.0281085
10.67	-0.0314046
10.68	-0.0513875
10.69	-0.0140498
10.7	-0.120337
10.71	-0.112552
10.72	-0.100181
10.73	-0.0961186
10.74	-0.0355271
10.75	-0.111948
10.76	-0.09774
10.77	-0.124054
10.78	-0.150726
10.79	-0.0836469
10.8	-0.109344
10.81	-0.0576662
10.82	-0.0852483
10.83	-0.122971
10.84	-0.0617153
10.85	-0.111074
10.86	-0.0525267
10.87	-0.0512485
10.88	-0.0998019
10.89	-0.0611368
10.9	-0.0792731
10.91	0.0339665
10.92	0.0718784
10.93	0.0131383
10.94	0.0246511
10.95	-0.0460034
10.96	-0.0440173
10.97	-0.0661142
10.98	-0.123835
10.99	-0.0858438
11	-0.144702
11.01	-0.154162
11.02	-0.0173294
11.03	0.473232
11.04	1.12392
11.05	1.14477
11.06	0.731945
11.07	0.281073
11.08	0.00836835
11.09	-0.0501222
11.1	-0.13958
11.11	-0.120215
11.12	-0.136304
11.13	-0.175582
11.14	-0.128315
11.15	-0.150686
11.16	-0.0966325
11.17	-0.118964
11.18	-0.154865
11.19	-0.108766
11.2	-0.168178
11.21	-0.132429
11.22	-0.134869
11.23	-0.169858
11.24	-0.142663
11.25	-0.183696
11.26	-0.137156
11.27	-0.134919
11.28	-0.133272
11.29	-0.0583003
11.3	-0.0912739
11.31	-0.0441357
11.32	-0.0201853
11.33	-0.0204259
11.34	0.0636668
11.35	0.0238336
11.36	0.0489231
11.37	0.0621402
11.38	0.0497954
11.39	0.0838763
11.4	0.00341423
11.41	0.0607664
11.42	0.0849054
11.43	0.0556587
11.44	0.0745846
11.45	0.00590339
11.46	0.0387621
11.47	0.0552707
11.48	0.0291052
11.49	0.0341892
11.5	-0.0303169
11.51	-0.0119278
11.52	0.000550233
11.53	0.0151684
11.54	0.0552725
11.55	-0.0425414
11.56	-0.0415335
11.57	-0.011993
11.58	-0.00212121
11.59	0.0322935
11.6	-0.0432814
11.61	-0.0282112
11.62	-0.0215315
11.63	-0.0446424
11.64	-0.0115759
11.65	-0.0636976
11.66	-0.00132406
11.67	0.0576181
11.68	0.0863859
11.69	0.127798
11.7	0.0594203
11.71	0.0480806
11.72	-0.0195836
11.73	-0.0629299
11.74	-0.0314271
11.75	-0.105948
11.76	-0.109939
11.77	-0.148815
11.78	-0.105372
11.79	0.344776
11.8	0.939906
11.81	1.19318
11.82	0.83625
11.83	0.328084
11.84	0.0488964
11.85	-0.129751
11.86	-0.120518
11.87	-0.135163
11.88	-0.166175
11.89	-0.119508
11.9	-0.164599
11.91	-0.114158
11.92	-0.121668
11.93	-0.169936
11.94	-0.130344
11.95	-0.170736
11.96	-0.104023
11.97	-0.115485
11.98	-0.18769
11.99	-0.169618
12	-0.235054
12.01	-0.169434
12.02	-0.13345
12.03	-0.176908
12.04	-0.153233
12.05	-0.204399
12.06	-0.146023
12.07	-0.117178
12.08	-0.0926578
12.09	-0.0149433
12.1	-0.0790438
12.11	-0.0473072
12.12	-0.0346778
12.13	-0.0363798
12.14	0.0100495
12.15	-0.0601824
12.16	-0.0294667
12.17	-0.0395736
12.18	-0.0485366
12.19	0.0103506
12.2	-0.0386986
12.21	0.00989523
12.22	-0.00255648
12.23	-0.0283936
12.24	0.0240309
12.25	-0.0510572
12.26	-0.0272011
12.27	-0.0381286
12.28	-0.0577963
12.29	-0.030218
12.3	-0.0799151
12.31	-0.0104788
12.32	-0.00657882
12.33	-0.0402534
12.34	-0.00650556
12.35	-0.0812513
12.36	-0.0431888
12.37	-0.0354791
12.38	-0.0631595
12.39	-0.0211219
12.4	-0.0667182
12.41	-0.0194796
12.42	0.00899003
12.43	0.0314084
12.44	0.128919
12.45	0.0973072
12.46	0.0842324
12.47	0.0325506
12.48	-0.0385284
12.49	-0.0306172
12.5	-0.103387
12.51	-0.0770172
12.52	-0.101498
12.53	-0.118388
12.54	0.0686223
12.55	0.514555
12.56	1.12886
12.57	1.1615
12.58	0.694592
12.59	0.285447
12.6	-0.021421
12.61	-0.0658111
12.62	-0.0947491
12.63	-0.118863
12.64	-0.0794506
12.65	-0.145287
12.66	-0.0993567
12.67	-0.104765
12.68	-0.121224
12.69	-0.0554868
12.7	-0.141545
12.71	-0.127
12.72	-0.117018
12.73	-0.147321
12.74	-0.114939
12.75	-0.164163
12.76	-0.139805
12.77	-0.173422
12.78	-0.211799
12.79	-0.166194
12.8	-0.169682
12.81	-0.0862732
12.82	-0.0954234
12.83	-0.13887
12.84	-0.0779164
12.85	-0.0747972
12.86	-0.00946873
12.87	-0.000300649
12.88	-0.0282725
12.89	-0.0072188
12.9	-0.0434953
12.91	0.00754293
12.92	0.010853
12.93	-0.00664625
12.94	0.03289
12.95	-0.0307179
12.96	-0.0040915
12.97	-0.00842122
12.98	-0.0104489
12.99	0.0369729
13	-0.0319215
13.01	-0.0188424
13.02	-0.0422464
13.03	-0.0556943
13.04	-0.0117122
13.05	-0.0582505
13.06	-0.00866439
13.07	-0.0409978
13.08	-0.0803756
13.09	-0.0284283
13.1	-0.0680533
13.11	-0.0180063
13.12	-0.0176136
13.13	-0.030971
13.14	-0.0125913
13.15	-0.0843447
13.16	-0.0429858
13.17	-0.0435683
13.18	-0.0609904
13.19	-0.00378237
13.2	-0.0188254
13.21	0.0807298
13.22	0.143584
13.23	0.126841
13.24	0.102454
13.25	-0.0108974
13.26	-0.0110668
13.27	-0.0326692
13.28	-0.075857
13.29	-0.0422336
13.3	-0.104808
13.31	-0.063554
13.32	0.163494
13.33	0.753337
13.34	1.26023
13.35	1.00254
13.36	0.444806
13.37	0.0887835
13.38	-0.0889795
13.39	-0.0676035
13.4	-0.0809525
13.41	-0.0669251
13.42	-0.109125
13.43	-0.154007
13.44	-0.109921
13.45	-0.153658
13.46	-0.0886446
13.47	-0.0706196
13.48	-0.14014
13.49	-0.120282
13.5	-0.158453
13.51	-0.116969
13.52	-0.103516
13.53	-0.133092
13.54	-0.11975
13.55	-0.198099
13.56	-0.165303
13.57	-0.152514
13.58	-0.178071
13.59	-0.104138
13.6	-0.124273
13.61	-0.0643773
13.62	-0.0324271
13.63	-0.0385206
13.64	-0.000189579
13.65	-0.057039
13.66	-0.0241288
13.67	-0.00804089
13.68	-0.0138387
13.69	0.0452426
13.7	-0.0266291
13.71	-0.0317568
13.72	-0.0197093
13.73	-0.0160467
13.74	0.0651024
13.75	0.0059193
13.76	-0.0146568
13.77	-0.0361915
13.78	-0.0594571
13.79	0.00553477
13.8	-0.0217729
13.81	0.011503
13.82	-0.0116301
13.83	-0.0702974
13.84	-0.00856182
13.85	-0.0462622
13.86	-0.0312227
13.87	-0.0469892
13.88	-0.0757244
13.89	-0.00129365
13.9	-0.0396915
13.91	-0.0268203
13.92	-0.0376751
13.93	-0.0942715
13.94	-0.0543057
13.95	-0.0713808
13.96	-0.00744595
13.97	0.0396413
13.98	0.0649226
13.99	0.146876
14	0.0821197
14.01	0.0798988
14.02	0.0416375
14.03	-0.0386615
14.04	0.000759741
14.05	-0.0642128
14.06	-0.0600087
14.07	-0.0782757
14.08	-0.0955173
14.09	0.214416
14.1	0.771048
14.11	1.25837
14.12	1.07743
14.13	0.532633
14.14	0.164442
14.15	-0.0744347
14.16	-0.0922166
14.17	-0.0894936
14.18	-0.115918
14.19	-0.0778042
14.2	-0.140842
14.21	-0.12129
14.22	-0.127823
14.23	-0.147961
14.24	-0.0746413
14.25	-0.118917
14.26	-0.123241
14.27	-0.145036
14.28	-0.170869
14.29	-0.114773
14.3	-0.168081
14.31	-0.152399
14.32	-0.153986
14.33	-0.203007
14.34	-0.149556
14.35	-0.164848
14.36	-0.102166
14.37	-0.105868
14.38	-0.129611
14.39	-0.0428969
14.4	-0.0720683
14.41	-0.0168166
14.42	0.00221974
14.43	-0.0444767
14.44	-0.000947042
14.45	-0.0443604
14.46	-0.00360152
14.47	0.0242683
14.48	-0.013709
14.49	0.0258326
14.5	-0.0371188
14.51	-0.00823196
14.52	0.00711685
14.53	-0.0250787
14.54	0.0167853
14.55	-0.0561782
14.56	-0.0382945
14.57	-0.012725
14.58	-0.0224053
14.59	0.0311412
14.6	-0.0603351
14.61	-0.060268
14.62	-0.0545421
14.63	-0.0536819
14.64	-0.00818759
14.65	-0.0806863
14.66	-0.0500795
14.67	-0.0439924
14.68	-0.0849433
14.69	-0.0492366
14.7	-0.0847201
14.71	-0.00805882
14.72	-0.0170067
14.73	-0.0854932
14.74	-0.0484899
14.75	-0.0685527
14.76	0.00196818
14.77	0.0274835
14.78	0.0401747
14.79	0.139585
14.8	0.0821024
14.81	0.0811779
14.82	0.0470428
14.83	-0.0172156
14.84	-0.014871
14.85	-0.0867875
14.86	-0.0541465
14.87	-0.0673727
14.88	-0.121625
14.89	0.0334894
14.9	0.475322
14.91	1.14672
14.92	1.21902
14.93	0.733156
14.94	0.30402
14.95	-0.0242122
14.96	-0.0769473
14.97	-0.0985663
14.98	-0.130445
14.99	-0.0766535
15	-0.140851
15.01	-0.0977655
15.02	-0.101789
15.03	-0.140602
15.04	-0.086946
15.05	-0.126206
15.06	-0.0819587
15.07	-0.10172
15.08	-0.160147
15.09	-0.11972
15.1	-0.15702
15.11	-0.127405
15.12	-0.154326
15.13	-0.188665
15.14	-0.149838
15.15	-0.187746
15.16	-0.12537
15.17	-0.0971083
15.18	-0.134868
15.19	-0.0698533
15.2	-0.0838155
15.21	-0.0259621
15.22	0.025528
15.23	-0.0125883
15.24	-0.0019317
15.25	-0.0615057
15.26	-0.0260698
15.27	-0.0319425
15.28	-0.0495055
15.29	0.0199536
15.3	-0.033346
15.31	-0.00416338
15.32	-0.0130943
15.33	-0.0265273
15.34	0.0342197
15.35	-0.0350204
15.36	-0.0317204
15.37	-0.0389401
15.38	-0.0483993
15.39	0.00668489
15.4	-0.0443954
15.41	-0.0125004
15.42	-0.015804
15.43	-0.0523255
15.44	-0.000475027
15.45	-0.0609847
15.46	-0.0164701
15.47	-0.00489884
15.48	-0.0655424
15.49	-0.0216224
15.5	-0.0722136
15.51	-0.0386786
15.52	-0.0216583
15.53	-0.0479144
15.54	-0.0148362
15.55	-0.0734986
15.56	-0.0383531
15.57	-0.0183415
15.58	-0.0369765
15.59	0.0385372
15.6	0.0421537
15.61	0.0978996
15.62	0.0768774
15.63	0.0121188
15.64	0.00163201
15.65	-0.0860703
15.66	-0.0492318
15.67	-0.0502139
15.68	-0.0909879
15.69	-0.0682942
15.7	-0.0385453
15.71	0.38119
15.72	1.01056
15.73	1.23694
15.74	0.908777
15.75	0.357897
15.76	0.0931179
15.77	-0.0392317
15.78	-0.126222
15.79	-0.115317
15.8	-0.178907
15.81	-0.126572
15.82	-0.110536
15.83	-0.141153
15.84	-0.0838531
15.85	-0.140392
15.86	-0.135774
15.87	-0.138619
15.88	-0.142224
15.89	-0.0962845
15.9	-0.160678
15.91	-0.131353
15.92	-0.121568
15.93	-0.180791
15.94	-0.15793
15.95	-0.195157
15.96	-0.142402
15.97	-0.11043
15.98	-0.120644
15.99	-0.0450457
16	-0.0703441
16.01	-0.0354502
16.02	-0.0387707
16.03	-0.0515368
16.04	0.0109076
16.05	-0.0279473
16.06	0.0191879
16.07	0.0220538
16.08	-0.00650971
16.09	0.0480829
16.1	0.00646651
16.11	0.0268833
16.12	0.0195783
16.13	-0.000671544
16.14	0.0660382
16.15	0.0371525
16.16	0.0528874
16.17	0.0153791
16.18	5.24053e-05
16.19	0.0708175
16.2	0.0130743
16.21	0.0358231
16.22	0.0287731
16.23	0.00432509
16.24	0.0372784
16.25	-0.0213
16.26	0.0254227
16.27	0.0300742
16.28	0.020629
16.29	0.0522969
16.3	-0.0134859
16.31	0.0310876
16.32	0.031527
16.33	0.00475488
16.34	0.0337371
16.35	-0.0237495
16.36	0.0199774
16.37	0.0337079
16.38	0.0293735
16.39	0.104766
16.4	0.0412644
16.41	0.00755576
16.42	-0.0691466
16.43	-0.157272
16.44	-0.156124
16.45	-0.225677
16.46	-0.183591
16.47	-0.20109
16.48	-0.247511
16.49	0.0260366
16.5	0.599146
16.51	1.13346
16.52	0.961014
16.53	0.435746
16.54	0.0681984
16.55	-0.177495
16.56	-0.187087
16.57	-0.187094
16.58	-0.185872
16.59	-0.128443
16.6	-0.192574
16.61	-0.138239
16.62	-0.118525
16.63	-0.13872
16.64	-0.100306
16.65	-0.138514
16.66	-0.104758
16.67	-0.108196
16.68	-0.121465
16.69	-0.0663259
16.7	-0.112954
16.71	-0.0886037
16.72	-0.109328
16.73	-0.119989
16.74	-0.0561181
16.75	-0.10807
16.76	-0.0648997
16.77	-0.0766046
16.78	-0.0943455
16.79	-0.0157984
16.8	-0.0395857
16.81	0.0233587
16.82	0.0398061
16.83	0.013187
16.84	0.0412143
16.85	0.00391535
16.86	0.0427953
16.87	0.0219387
16.88	-0.0183051
16.89	0.0402456
16.9	0.00466449
16.91	0.0383738
16.92	0.0335926
16.93	-0.000794225
16.94	0.0242804
16.95	-0.0331799
16.96	-0.000326855
16.97	-0.00511997
16.98	-0.0216368
16.99	0.0244952
17	-0.0368051
17.01	-0.0030576
17.02	-0.00427361
17.03	-0.0423312
17.04	-0.00520378
17.05	-0.0603705
17.06	-0.0222642
17.07	-0.0453098
17.08	-0.0712974
17.09	0.00900632
17.1	-0.0382381
17.11	-0.022705
17.12	-0.0329281
17.13	-0.0692256
17.14	-0.023059
17.15	0.00826699
17.16	0.0635611
17.17	0.099684
17.18	0.0815345
17.19	0.118065
17.2	0.0476924
17.21	0.0214619
17.22	-0.00467282
17.23	-0.0763369
17.24	-0.0470799
17.25	-0.0745386
17.26	-0.0704101
17.27	0.0335599
17.28	0.406221
17.29	1.06492
17.3	1.19779
17.31	0.842638
17.32	0.373172
17.33	0.0272589
17.34	-0.042277
17.35	-0.107402
17.36	-0.0956727
17.37	-0.105878
17.38	-0.159697
17.39	-0.1029
17.4	-0.130314
17.41	-0.0911614
17.42	-0.083776
17.43	-0.150498
17.44	-0.119005
17.45	-0.151842
17.46	-0.1208
17.47	-0.111684
17.48	-0.157218
17.49	-0.138757
17.5	-0.192155
17.51	-0.1682
17.52	-0.167056
17.53	-0.202876
17.54	-0.120433
17.55	-0.119155
17.56	-0.0692121
17.57	-0.0434004
17.58	-0.0841423
17.59	-0.0347027
17.6	-0.0663809
17.61	-0.0283993
17.62	0.00196304
17.63	-0.0324411
17.64	0.0140946
17.65	-0.0252943
17.66	-0.00792388
17.67	0.00458553
17.68	-0.0310263
17.69	0.0238396
17.7	0.00024241
17.71	0.0103678
17.72	-0.0122988
17.73	-0.0561357
17.74	0.00962548
17.75	-0.0331223
17.76	-0.0321748
17.77	-0.0296191
17.78	-0.0906377
17.79	-0.0624099
17.8	-0.0992926
17.81	-0.0478381
17.82	-0.0492696
17.83	-0.107846
17.84	-0.0398158
17.85	-0.0832679
17.86	-0.0555034
17.87	-0.0386721
17.88	-0.0934846
17.89	-0.046629
17.9	-0.0534148
17.91	-0.00181337
17.92	0.0381646
17.93	0.0705619
17.94	0.163736
17.95	0.106605
17.96	0.0643273
17.97	-0.0213796
17.98	-0.107641
17.99	-0.0599013
18	-0.0725964
18.01	-0.0490991
18.02	-0.082794
18.03	-0.122045
18.04	0.231527
18.05	0.834518
18.06	1.28937
18.07	1.06075
18.08	0.46061
18.09	0.127336
18.1	-0.0808007
18.11	-0.101237
18.12	-0.0682625
18.13	-0.133445
18.14	-0.100305
18.15	-0.120459
18.16	-0.104017
18.17	-0.113606
18.18	-0.134624
18.19	-0.0614793
18.2	-0.111666
18.21	-0.0917345
18.22	-0.111883
18.23	-0.155143
18.24	-0.108484
18.25	-0.149841
18.26	-0.144304
18.27	-0.131458
18.28	-0.172443
18.29	-0.115372
18.3	-0.139362
18.31	-0.074245
18.32	-0.0259119
18.33	-0.0545225
18.34	-0.000409054
18.35	-0.0233602
18.36	-0.000426371
18.37	0.0322743
18.38	0.0030768
18.39	0.0930251
18.4	0.0736192
18.41	0.0367701
18.42	0.00243145
18.43	-0.0338216
18.44	0.0225612
18.45	-0.00601141
18.46	0.0255367
18.47	0.0321757
18.48	-0.025962
18.49	0.00921562
18.5	-0.045059
18.51	-0.0498226
18.52	-0.0623979
18.53	-0.0957639
18.54	-0.0313657
18.55	-0.0739052
18.56	-0.0708408
18.57	-0.0946084
18.58	-0.148842
18.59	-0.0969246
18.6	-0.143088
18.61	-0.132146
18.62	-0.117459
18.63	-0.126347
18.64	-0.0981242
18.65	-0.167168
18.66	-0.133389
18.67	-0.0826614
18.68	-0.0625852
18.69	0.0256723
18.7	0.0104682
18.71	0.0434901
18.72	0.0205834
18.73	-0.0592843
18.74	-0.0418103
18.75	-0.131529
18.76	-0.116818
18.77	-0.080402
18.78	-0.110321
18.79	-0.106292
18.8	-0.0705365
18.81	0.411406
18.82	1.08065
18.83	1.21399
18.84	0.822443
18.85	0.294381
18.86	0.056767
18.87	-0.0288933
18.88	-0.129494
18.89	-0.113232
18.9	-0.156465
18.91	-0.0893491
18.92	-0.0394855
18.93	-0.102562
18.94	-0.0738459
18.95	-0.124702
18.96	-0.080984
18.97	-0.0689638
18.98	-0.1018
18.99	-0.0646403
19	-0.125679
19.01	-0.103372
19.02	-0.0817845
19.03	-0.117658
19.04	-0.105961
19.05	-0.176529
19.06	-0.115221
19.07	-0.0526715
19.08	-0.0747866
19.09	-0.0263194
19.1	-0.0796483
19.11	-0.0503934
19.12	-0.00945894
19.13	-0.0409866
19.14	0.0129205
19.15	-0.0215052
19.16	-0.0131485
19.17	0.00200847
19.18	-0.00289373
19.19	0.0469088
19.2	-0.0257422
19.21	-0.011189
19.22	0.00723429
19.23	-0.0505719
19.24	0.000559693
19.25	-0.0292448
19.26	0.00115266
19.27	0.00289382
19.28	-0.0512056
19.29	-0.00609325
19.3	-0.0345872
19.31	-0.0100946
19.32	-0.0213485
19.33	-0.0773755
19.34	-0.0226857
19.35	-0.0491186
19.36	-0.0410227
19.37	-0.0425476
19.38	-0.0822091
19.39	-0.00526131
19.4	-0.0342932
19.41	-0.0320828
19.42	-0.0415757
19.43	-0.0476516
19.44	0.0688205
19.45	0.0437434
19.46	0.103218
19.47	0.150155
19.48	0.122381
19.49	0.127306
19.5	-0.0122947
19.51	-0.0431919
19.52	-0.0313764
19.53	-0.0399686
19.54	0.0073998
19.55	-0.0849273
19.56	-0.0633372
19.57	0.246338
19.58	0.865425
19.59	1.33005
19.6	1.00968
19.61	0.501472
19.62	0.140027
19.63	-0.0662764
19.64	-0.0939402
19.65	-0.161479
19.66	-0.123049
19.67	-0.0908064
19.68	-0.138308
19.69	-0.114589
19.7	-0.171907
19.71	-0.145442
19.72	-0.123187
19.73	-0.163403
19.74	-0.115986
19.75	-0.16565
19.76	-0.180551
19.77	-0.18888
19.78	-0.202099
19.79	-0.117825
19.8	-0.189366
19.81	-0.197314
19.82	-0.189317
19.83	-0.227499
19.84	-0.129748
19.85	-0.102876
19.86	-0.0613812
19.87	-0.0704828
19.88	-0.110959
19.89	-0.0475883
19.9	-0.0528392
19.91	-0.0145905
19.92	-0.0221546
19.93	-0.0618824
19.94	0.0108151
19.95	-0.0241892
19.96	-0.00189791
19.97	0.00735481
19.98	-0.0564905
19.99	-0.0182156
20	-0.036589
20.01	0.00839992
20.02	-0.00850371
20.03	-0.0851425
20.04	-0.0182197
20.05	-0.0600709
20.06	-0.0622771
20.07	-0.027051
20.08	-0.0547076
20.09	-0.0183008
20.1	-0.0722058
20.11	-0.0592106
20.12	-0.043506
20.13	-0.07566
20.14	-0.0412727
20.15	-0.0782607
20.16	-0.063801
20.17	-0.0425122
20.18	-0.087223
20.19	-0.0203601
20.2	-0.0210441
20.21	0.0494968
20.22	0.116099
20.23	0.102513
20.24	0.141078
20.25	0.0334923
20.26	-0.00236574
20.27	-0.0305528
20.28	-0.0856851
20.29	-0.0133407
20.3	-0.0526459
20.31	-0.0832374
20.32	-0.0511888
20.33	0.229841
20.34	0.935232
20.35	1.26244
20.36	0.996116
20.37	0.490559
20.38	0.104311
20.39	0.000450222
20.4	-0.115244
20.41	-0.11961
20.42	-0.106323
20.43	-0.115583
20.44	-0.0705559
20.45	-0.138597
20.46	-0.132295
20.47	-0.121696
20.48	-0.139892
20.49	-0.071693
20.5	-0.120864
20.51	-0.116965
20.52	-0.0926189
20.53	-0.133206
20.54	-0.125192
20.55	-0.182196
20.56	-0.157489
20.57	-0.142383
20.58	-0.157313
20.59	-0.0793938
20.6	-0.12679
20.61	-0.10482
20.62	-0.101068
20.63	-0.114169
20.64	-0.0151185
20.65	-0.0212055
20.66	0.00874053
20.67	0.00134885
20.68	-0.0369938
20.69	0.0107338
20.7	-0.0373045
20.71	0.0130621
20.72	0.040275
20.73	-0.0211756
20.74	0.0200892
20.75	-0.024834
20.76	-0.00681571
20.77	0.0241925
20.78	-0.0177672
20.79	0.0104879
20.8	-0.0370407
20.81	-0.0290892
20.82	-0.0314561
20.83	-0.0807199
20.84	0.00574694
20.85	-0.0175722
20.86	-0.0328173
20.87	-0.0351549
20.88	-0.0977615
20.89	-0.0353776
20.9	-0.0488563
20.91	-0.0252232
20.92	-0.0266802
20.93	-0.0917993
20.94	-0.0398951
20.95	-0.0782504
20.96	-0.0435999
20.97	-0.0244326
20.98	-0.0544401
20.99	0.0361441
21	0.0459007
21.01	0.0985324
21.02	0.120386
21.03	0.0499306
21.04	0.047051
21.05	-0.0477704
21.06	-0.0476463
21.07	-0.052155
21.08	-0.10704
21.09	-0.0655013
21.1	-0.123848
21.11	0.0630649
21.12	0.607938
21.13	1.15294
21.14	1.22812
21.15	0.739591
21.16	0.236922
21.17	0.0137047
21.18	-0.130662
21.19	-0.101063
21.2	-0.119615
21.21	-0.0991713
21.22	-0.0834614
21.23	-0.158274
21.24	-0.118392
21.25	-0.132861
21.26	-0.10108
21.27	-0.0802235
21.28	-0.138434
21.29	-0.0922001
21.3	-0.114792
21.31	-0.115581
21.32	-0.11336
21.33	-0.153607
21.34	-0.110654
21.35	-0.161342
21.36	-0.166822
21.37	-0.125634
21.38	-0.138149
21.39	-0.067394
21.4	-0.0873047
21.41	-0.0900407
21.42	-0.0178695
21.43	-0.0471214
21.44	-0.0309001
21.45	-0.0496328
21.46	-0.0395697
21.47	-0.0095417
21.48	-0.0247377
21.49	0.0592327
21.5	0.0194022
21.51	-0.0446969
21.52	-0.0269822
21.53	-0.042499
21.54	0.0382736
21.55	0.00643044
21.56	-0.0172874
21.57	0.00967951
21.58	-0.030955
21.59	0.0103141
21.6	-0.0464667
21.61	-0.0560721
21.62	-0.0215338
21.63	-0.062808
21.64	-0.0155411
21.65	-0.0575949
21.66	-0.0739812
21.67	-0.0386257
21.68	-0.0429965
21.69	-0.0135596
21.7	-0.0897094
21.71	-0.0914982
21.72	-0.0405089
21.73	-0.0652909
21.74	-0.0163899
21.75	-0.0644448
21.76	-0.049029
21.77	0.0212539
21.78	0.0319728
21.79	0.14398
21.8	0.122169
21.81	0.097354
21.82	0.0684521
21.83	-0.0644476
21.84	-0.0609337
21.85	-0.0939535
21.86	-0.0672935
21.87	-0.057419
21.88	-0.126456
21.89	0.151606
21.9	0.724086
21.91	1.22126
21.92	1.12308
21.93	0.557023
21.94	0.1826
21.95	-0.0494364
21.96	-0.110969
21.97	-0.110991
21.98	-0.157853
21.99	-0.0860155
22	-0.0836091
22.01	-0.0832006
22.02	-0.110265
22.03	-0.187662
22.04	-0.116622
22.05	-0.127475
22.06	-0.109084
22.07	-0.0827228
22.08	-0.154259
22.09	-0.118592
22.1	-0.150779
22.11	-0.139324
22.12	-0.100446
22.13	-0.170988
22.14	-0.120161
22.15	-0.13397
22.16	-0.126608
22.17	-0.0899629
22.18	-0.121994
22.19	-0.0401463
22.2	-0.0754434
22.21	-0.0747676
22.22	-0.0362212
22.23	-0.0691329
22.24	-0.0137883
22.25	-0.0378437
22.26	-0.0289425
22.27	-0.00300754
22.28	-0.045589
22.29	0.0354312
22.3	0.014085
22.31	-0.0267699
22.32	-0.0115573
22.33	-0.0609376
22.34	-0.015408
22.35	-0.0375305
22.36	-0.0399653
22.37	-0.0326159
22.38	-0.0731973
22.39	-0.00648648
22.4	-0.0504773
22.41	-0.0793355
22.42	-0.0494147
22.43	-0.0891362
22.44	-0.027752
22.45	-0.0499027
22.46	-0.0701156
22.47	-0.0523755
22.48	-0.114138
22.49	-0.0512354
22.5	-0.0553888
22.51	-0.068437
22.52	-0.0533469
22.53	-0.0731838
22.54	0.0173815
22.55	0.0443138
22.56	0.101976
22.57	0.121542
22.58	0.0319945
22.59	0.0238438
22.6	-0.0637605
22.61	-0.0872387
22.62	-0.0533786
22.63	-0.114007
22.64	-0.0729621
22.65	-0.137536
22.66	-0.0611781
22.67	0.358346
22.68	0.939888
22.69	1.26426
22.7	0.87627
22.71	0.368957
22.72	0.0916504
22.73	-0.0979607
22.74	-0.106862
22.75	-0.142248
22.76	-0.149925
22.77	-0.101404
22.78	-0.12502
22.79	-0.0969989
22.8	-0.15075
22.81	-0.149984
22.82	-0.0993617
22.83	-0.129828
22.84	-0.0855987
22.85	-0.130215
22.86	-0.0971852
22.87	-0.0698904
22.88	-0.152413
22.89	-0.128082
22.9	-0.160922
22.91	-0.134927
22.92	-0.103948
22.93	-0.163946
22.94	-0.0733187
22.95	-0.0683653
22.96	-0.0850277
22.97	-0.069142
22.98	-0.0968086
22.99	0.00121037
23	-0.0317135
23.01	-0.044896
23.02	-0.00759422
23.03	-0.0384948
23.04	0.0108132
23.05	-0.0479943
23.06	-0.0290921
23.07	0.0183553
23.08	-0.0333766
23.09	0.0229643
23.1	0.00994394
23.11	-0.0188318
23.12	-0.00959891
23.13	-0.0610798
23.14	0.0137108
23.15	-0.0171888
23.16	-0.0621833
23.17	-0.029921
23.18	-0.0573216
23.19	-0.0063347
23.2	-0.0410562
23.21	-0.0619583
23.22	-0.0416078
23.23	-0.0622393
23.24	-0.0040399
23.25	-0.0639239
23.26	-0.0694913
23.27	-0.00744917
23.28	-0.053831
23.29	0.0186457
23.3	0.0468647
23.31	0.112372
23.32	0.157968
23.33	0.0935738
23.34	0.0810592
23.35	-0.0317597
23.36	-0.0790333
23.37	-0.0423909
23.38	-0.0665094
23.39	-0.028413
23.4	-0.0911924
23.41	-0.0506988
23.42	0.322925
23.43	0.909409
23.44	1.28753
23.45	0.95676
23.46	0.431021
23.47	0.118254
23.48	-0.0531567
23.49	-0.0447035
23.5	-0.10569
23.51	-0.129872
23.52	-0.0952785
23.53	-0.122709
23.54	-0.0745231
23.55	-0.100054
23.56	-0.097971
23.57	-0.0919274
23.58	-0.149068
23.59	-0.093931
23.6	-0.092205
23.61	-0.107094
23.62	-0.110054
23.63	-0.172196
23.64	-0.125076
23.65	-0.17052
23.66	-0.181371
23.67	-0.13852
23.68	-0.176118
23.69	-0.0951541
23.7	-0.111732
23.71	-0.0888696
23.72	-0.0496384
23.73	-0.0989873
23.74	-0.0452725
23.75	-0.0468501
23.76	-0.0389003
23.77	-0.0336668
23.78	-0.080813
23.79	0.00201658
23.8	-0.00423436
23.81	-0.0184618
23.82	0.0143875
23.83	-0.0398097
23.84	0.0148612
23.85	-0.0328278
23.86	-0.0583111
23.87	0.00399929
23.88	-0.0142977
23.89	-0.00447133
23.9	-0.0693849
23.91	-0.0666326
23.92	-0.0275277
23.93	-0.0595789
23.94	-0.0124436
23.95	-0.0355632
23.96	-0.0590959
23.97	-0.0531396
23.98	-0.0895863
23.99	-0.00569419
24	-0.0401133
24.01	-0.0536947
24.02	-0.0355689
24.03	-0.0629157
24.04	0.0557013
24.05	0.0672882
24.06	0.100345
24.07	0.164311
24.08	0.0783629
24.09	0.0721375
24.1	-0.0114751
24.11	-0.0503137
24.12	-0.0464761
24.13	-0.112335
24.14	-0.0614607
24.15	-0.102802
24.16	-0.0570803
24.17	0.354135
24.18	0.978268
24.19	1.29097
24.2	0.880329
24.21	0.385724
24.22	0.0986427
24.23	-0.102915
24.24	-0.103916
24.25	-0.138181
24.26	-0.135177
24.27	-0.101309
24.28	-0.160592
24.29	-0.117664
24.3	-0.144394
24.31	-0.128317
24.32	-0.0725425
24.33	-0.123544
24.34	-0.0857596
24.35	-0.12383
24.36	-0.137678
24.37	-0.103516
24.38	-0.163302
24.39	-0.113549
24.4	-0.146237
24.41	-0.154826
24.42	-0.112047
24.43	-0.134099
24.44	-0.0747978
24.45	-0.105972
24.46	-0.0889477
24.47	-0.0383677
24.48	-0.0540222
24.49	0.00105145
24.5	-0.068715
24.51	-0.0671117
24.52	-0.0203925
24.53	-0.0510093
24.54	0.0315769
24.55	0.0108356
24.56	0.0227075
24.57	0.032503
24.58	-0.0470818
24.59	0.00999172
24.6	-0.0160708
24.61	-0.00961101
24.62	-0.000841079
24.63	-0.0589001
24.64	-0.0168322
24.65	-0.0413375
24.66	-0.0425767
24.67	-0.0239214
24.68	-0.072695
24.69	-0.0225675
24.7	-0.0683716
24.71	-0.0552705
24.72	-0.0113251
24.73	-0.0768066
24.74	-0.0313375
24.75	-0.0691476
24.76	-0.0771314
24.77	-0.00975186
24.78	-0.0257484
24.79	0.0538232
24.8	0.0726314
24.81	0.117514
24.82	0.134576
24.83	0.046061
24.84	0.0423008
24.85	-0.0293461
24.86	-0.0586814
24.87	-0.0357549
24.88	-0.0772319
24.89	-0.0672559
24.9	-0.116879
24.91	0.0371992
24.92	0.573949
24.93	1.12921
24.94	1.21408
24.95	0.728545
24.96	0.26224
24.97	0.0400934
24.98	-0.0990241
24.99	-0.0914939
25	-0.113609
25.01	-0.104904
25.02	-0.0684597
25.03	-0.14253
25.04	-0.101202
25.05	-0.0948933
25.06	-0.0920588
25.07	-0.0853318
25.08	-0.0843691
25.09	-0.0340775
25.1	-0.0708034
25.11	-0.106105
25.12	-0.0646825
25.13	-0.141399
25.14	-0.124705
25.15	-0.109333
25.16	-0.0989842
25.17	-0.0624563
25.18	-0.138104
25.19	-0.0977086
25.2	-0.0777105
25.21	-0.070773
25.22	-0.0288989
25.23	-0.0798973
25.24	-0.0361266
25.25	-0.0368897
25.26	-0.0713672
25.27	-0.0336596
25.28	-0.0626027
25.29	0.0162644
25.3	0.0248452
25.31	-0.00736698
25.32	0.00523289
25.33	-0.0703205
25.34	-0.0281023
25.35	-0.0198361
25.36	-0.0337778
25.37	-0.0114609
25.38	-0.0462938
25.39	-0.0104741
25.4	-0.0298893
25.41	-0.0454954
25.42	-0.0366808
25.43	-0.114356
25.44	-0.0436126
25.45	-0.0204202
25.46	-0.0382264
25.47	-0.021989
25.48	-0.08352
25.49	-0.020386
25.5	-0.0296445
25.51	-0.072617
25.52	-0.0297572
25.53	-0.0637831
25.54	-0.0088927
25.55	-0.0147943
25.56	-0.0335539
25.57	0.0400109
25.58	0.0288663
25.59	0.116703
25.6	0.149731
25.61	0.0939515
25.62	0.0578612
25.63	-0.0478157
25.64	-0.0197944
25.65	-0.0278445
25.66	-0.057811
25.67	-0.022185
25.68	-0.131363
25.69	-0.0701069
25.7	0.288574
25.71	0.960225
25.72	1.29402
25.73	0.864881
25.74	0.397157
25.75	0.0782978
25.76	-0.0623773
25.77	-0.0543714
25.78	-0.158053
25.79	-0.141701
25.8	-0.140941
25.81	-0.133817
25.82	-0.0939745
25.83	-0.158563
25.84	-0.117754
25.85	-0.129511
25.86	-0.155304
25.87	-0.107712
25.88	-0.146423
25.89	-0.0932761
25.9	-0.113569
25.91	-0.145315
25.92	-0.104176
25.93	-0.126153
25.94	-0.0950742
25.95	-0.155101
25.96	-0.16933
25.97	-0.109384
25.98	-0.121237
25.99	-0.0671138
26	-0.0829318
26.01	-0.0869372
26.02	-0.0305239
26.03	-0.083095
26.04	-0.054189
26.05	-0.0710984
26.06	-0.0773585
26.07	0.01378
26.08	-0.0282221
26.09	-0.00671704
26.1	-0.0309216
26.11	-0.0486706
26.12	0.025257
26.13	-0.0162338
26.14	0.0108993
26.15	-0.0224088
26.16	-0.0440925
26.17	-0.00491825
26.18	-0.064739
26.19	-0.041353
26.2	-0.0854607
26.21	-0.0991567
26.22	-0.0287928
26.23	-0.0606811
26.24	-0.0200763
26.25	-0.0584039
26.26	-0.089594
26.27	-0.029438
26.28	-0.0769299
26.29	-0.044411
26.3	-0.0592709
26.31	-0.0723615
26.32	-0.0238738
26.33	-0.0783566
26.34	-0.0440049
26.35	-0.0541691
26.36	-0.0686633
26.37	0.0118425
26.38	-0.0020196
26.39	0.0842146
26.4	0.127683
26.41	0.094816
26.42	0.0904368
26.43	-0.038951
26.44	-0.0536043
26.45	-0.0736296
26.46	-0.0971934
26.47	-0.0637374
26.48	-0.106789
26.49	-0.0976909
26.5	-0.00443676
26.51	0.468493
26.52	1.14301
26.53	1.16019
26.54	0.743331
26.55	0.250972
26.56	-0.0297874
26.57	-0.0587537
26.58	-0.102839
26.59	-0.112496
26.6	-0.164059
26.61	-0.156855
26.62	-0.0933718
26.63	-0.132602
26.64	-0.0809341
26.65	-0.110945
26.66	-0.147815
26.67	-0.105997
26.68	-0.15761
26.69	-0.103729
26.7	-0.107122
26.71	-0.130108
26.72	-0.0827848
26.73	-0.14592
26.74	-0.104837
26.75	-0.122443
26.76	-0.132588
26.77	-0.0741289
26.78	-0.12064
26.79	-0.0869977
26.8	-0.0869
26.81	-0.0828467
26.82	-0.0212845
26.83	-0.0784544
26.84	-0.0373341
26.85	-0.0324038
26.86	-0.0566224
26.87	-0.00412499
26.88	-0.0361455
26.89	0.0146725
26.9	0.0069928
26.91	-0.0400784
26.92	-0.0121915
26.93	-0.0548451
26.94	-0.00410904
26.95	0.0287708
26.96	-0.00885604
26.97	-0.016588
26.98	-0.0662781
26.99	-0.0051121
27	-0.0225171
27.01	-0.0519997
27.02	-0.0186411
27.03	-0.0858358
27.04	-0.0542609
27.05	-0.0483005
27.06	-0.0431218
27.07	-0.00206179
27.08	-0.0885732
27.09	-0.0618341
27.1	-0.0543964
27.11	-0.0609211
27.12	-0.0115683
27.13	-0.0900526
27.14	-0.0752629
27.15	-0.0797857
27.16	-0.0799657
27.17	0.00630145
27.18	-0.00268054
27.19	0.0900824
27.2	0.107245
27.21	0.0831508
27.22	0.077604
27.23	-0.0167747
27.24	-0.0163908
27.25	-0.0709024
27.26	-0.127071
27.27	-0.0719861
27.28	-0.118823
27.29	-0.100746
27.3	0.0352057
27.31	0.510631
27.32	1.13398
27.33	1.12595
27.34	0.722155
27.35	0.261702
27.36	-0.00384823
27.37	-0.0415479
27.38	-0.118199
27.39	-0.0937404
27.4	-0.120517
27.41	-0.154561
27.42	-0.0927155
27.43	-0.142447
27.44	-0.0908839
27.45	-0.100747
27.46	-0.144059
27.47	-0.0806625
27.48	-0.110375
27.49	-0.0885313
27.5	-0.101257
27.51	-0.122171
27.52	-0.0815671
27.53	-0.133117
27.54	-0.0754229
27.55	-0.0766779
27.56	-0.0973111
27.57	-0.0478362
27.58	-0.101932
27.59	-0.0465702
27.6	-0.0337652
27.61	-0.0438316
27.62	-0.0156744
27.63	-0.0718073
27.64	-0.0340473
27.65	-0.0347735
27.66	-0.0373491
27.67	0.00793186
27.68	-0.0284064
27.69	0.00828762
27.7	-0.0226571
27.71	-0.0470581
27.72	0.0262488
27.73	-0.0125767
27.74	0.0369486
27.75	0.0125905
27.76	-0.0236567
27.77	0.00427992
27.78	-0.0596892
27.79	-0.0280003
27.8	-0.0175464
27.81	-0.0356463
27.82	-0.0157777
27.83	-0.0772233
27.84	-0.044867
27.85	-0.0514767
27.86	-0.0493963
27.87	0.00135983
27.88	-0.0487901
27.89	-0.0294442
27.9	-0.07126
27.91	-0.0990516
27.92	-0.0282217
27.93	-0.0664851
27.94	-0.0391743
27.95	-0.0538545
27.96	-0.0270993
27.97	0.0560169
27.98	0.0374364
27.99	0.102262
28	0.106234
28.01	0.0653338
28.02	0.0591416
28.03	-0.0393892
28.04	-0.0230993
28.05	-0.0507852
28.06	-0.0886256
28.07	-0.0547413
28.08	-0.127757
28.09	-0.052797
28.1	0.297239
28.11	0.926032
28.12	1.27375
28.13	0.902543
28.14	0.434265
28.15	0.0760991
28.16	-0.0632492
28.17	-0.0344618
28.18	-0.112703
28.19	-0.0893743
28.2	-0.137843
28.21	-0.16246
28.22	-0.0957766
28.23	-0.143685
28.24	-0.0836601
28.25	-0.0766524
28.26	-0.110979
28.27	-0.0678
28.28	-0.134547
28.29	-0.087578
28.3	-0.0875996
28.31	-0.104725
28.32	-0.0687918
28.33	-0.129245
28.34	-0.0847339
28.35	-0.0718652
28.36	-0.133499
28.37	-0.0728291
28.38	-0.0899302
28.39	-0.0679064
28.4	-0.062924
28.41	-0.0810217
28.42	-0.00441006
28.43	-0.043466
28.44	-0.00776778
28.45	-0.00240799
28.46	-0.0617648
28.47	0.000638263
28.48	-0.027989
28.49	-0.0198224
28.5	0.00270953
28.51	-0.026166
28.52	0.00306659
28.53	-0.030692
28.54	0.00631425
28.55	0.00918315
28.56	-0.0217683
28.57	0.0249308
28.58	-0.0532798
28.59	-0.0489866
28.6	-0.0388881
28.61	-0.0628792
28.62	-0.0207609
28.63	-0.0560022
28.64	-0.0169381
28.65	-0.0261842
28.66	-0.090126
28.67	-0.0424113
28.68	-0.0574075
28.69	-0.0254669
28.7	-0.0414268
28.71	-0.0692024
28.72	0.0216958
28.73	0.00506184
28.74	0.0677198
28.75	0.1211
28.76	0.0923279
28.77	0.0969109
28.78	-0.0125312
28.79	-0.0414548
28.8	-0.0489348
28.81	-0.0841475
28.82	-0.043094
28.83	-0.109057
28.84	-0.108737
28.85	0.0011159
28.86	0.393908
28.87	1.05932
28.88	1.1805
28.89	0.80861
28.9	0.323304
28.91	-0.00180783
28.92	-0.0756323
28.93	-0.156499
28.94	-0.122699
28.95	-0.100851
28.96	-0.13591
28.97	-0.0964669
28.98	-0.128379
28.99	-0.0979589
29	-0.102344
29.01	-0.13947
29.02	-0.109447
29.03	-0.161537
29.04	-0.107738
29.05	-0.0906806
29.06	-0.132285
29.07	-0.0915889
29.08	-0.146714
29.09	-0.116654
29.1	-0.105756
29.11	-0.137624
29.12	-0.0732194
29.13	-0.109057
29.14	-0.048588
29.15	-0.0139422
29.16	-0.0807442
29.17	-0.042115
29.18	-0.0771028
29.19	-0.0556736
29.2	-0.0403897
29.21	-0.059942
29.22	0.0067017
29.23	-0.0240165
29.24	-0.0305414
29.25	-0.0434467
29.26	-0.0631134
29.27	0.0203096
29.28	-0.0203105
29.29	0.00124647
29.3	-0.0111749
29.31	-0.0687796
29.32	-0.0162931
29.33	-0.0413368
29.34	-0.0347559
29.35	-0.0236049
29.36	-0.0637695
29.37	-0.0379313
29.38	-0.0948346
29.39	-0.0536695
29.4	-0.0356484
29.41	-0.0822766
29.42	-0.0504143
29.43	-0.0998145
29.44	-0.0677403
29.45	-0.0305378
29.46	-0.0235965
29.47	0.0846183
29.48	0.0707511
29.49	0.109233
29.5	0.118856
29.51	0.067962
29.52	0.0733352
29.53	-0.0425218
29.54	-0.0802276
29.55	-0.113879
29.56	-0.120164
29.57	-0.0254043
29.58	-0.122683
29.59	-0.0834944
29.6	0.252101
29.61	0.889652
29.62	1.31108
29.63	0.931234
29.64	0.419392
29.65	0.0876161
29.66	-0.083171
29.67	-0.0523599
29.68	-0.119139
29.69	-0.111792
29.7	-0.117792
29.71	-0.151451
29.72	-0.106119
29.73	-0.149943
29.74	-0.0953264
29.75	-0.0939862
29.76	-0.150445
29.77	-0.100078
29.78	-0.129037
29.79	-0.120622
29.8	-0.124797
29.81	-0.138077
29.82	-0.0805188
29.83	-0.134574
29.84	-0.11628
29.85	-0.12195
29.86	-0.146051
29.87	-0.0710536
29.88	-0.110521
29.89	-0.0622485
29.9	-0.0328014
29.91	-0.0651759
29.92	-0.0221183
29.93	-0.0759854
29.94	-0.0473392
29.95	-0.0299025
29.96	-0.0506693
29.97	0.00702
29.98	-0.04107
29.99	-0.019604
30	-0.0192272
30.01	-0.0470231
30.02	0.0136989
30.03	-0.0190772
30.04	-0.00976191
30.05	-0.0389575
30.06	-0.0682599
30.07	0.000143232
30.08	-0.0628329
30.09	-0.0435157
30.1	-0.0249688
30.11	-0.0559341
30.12	-0.0205329
30.13	-0.088385
30.14	-0.0733982
30.15	-0.0539823
30.16	-0.0599454
30.17	0.03314
30.18	-0.0180562
30.19	0.00457909
30.2	0.0510233
30.21	0.0688051
30.22	0.144302
30.23	0.0694027
30.24	0.0574452
30.25	0.0279619
30.26	-0.0295267
30.27	-0.0245605
30.28	-0.102362
30.29	-0.0796426
30.3	-0.0892165
30.31	-0.0992456
30.32	0.201701
30.33	0.709991
30.34	1.19144
30.35	1.05572
30.36	0.540372
30.37	0.221044
30.38	-0.0264366
30.39	-0.0986931
30.4	-0.135309
30.41	-0.163031
30.42	-0.0792217
30.43	-0.121177
30.44	-0.100698
30.45	-0.100551
30.46	-0.141593
30.47	-0.079767
30.48	-0.119356
30.49	-0.0890585
30.5	-0.102949
30.51	-0.143329
30.52	-0.083844
30.53	-0.131751
30.54	-0.0952287
30.55	-0.105706
30.56	-0.146279
30.57	-0.0832648
30.58	-0.118743
30.59	-0.0642231
30.6	-0.0587552
30.61	-0.0751206
30.62	-0.0177951
30.63	-0.0684826
30.64	-0.0341708
30.65	-0.0409651
30.66	-0.0460567
30.67	0.0164395
30.68	-0.0536735
30.69	-0.00821371
30.7	-0.00906987
30.71	-0.0400977
30.72	0.0246945
30.73	-0.0200152
30.74	0.00114065
30.75	0.0178056
30.76	-0.00508206
30.77	0.0224615
30.78	-0.0296625
30.79	0.00148405
30.8	-0.00807879
30.81	-0.0625013
30.82	-0.00675328
30.83	-0.0375292
30.84	-0.0121826
30.85	-0.0198459
30.86	-0.0619904
30.87	-0.0134108
30.88	-0.0606585
30.89	-0.0417805
30.9	-0.00224813
30.91	0.0496259
30.92	0.121904
30.93	0.0812463
30.94	0.126417
30.95	0.0992996
30.96	0.0214812
30.97	0.0350831
30.98	-0.0546572
30.99	-0.0486665
31	-0.0469442
31.01	-0.0958961
31.02	-0.0761586
31.03	-0.0895806
31.04	0.29349
31.05	0.947323
31.06	1.22092
31.07	0.949658
31.08	0.380857
31.09	0.0453392
31.1	-0.0895421
31.11	-0.166988
31.12	-0.127894
31.13	-0.169271
31.14	-0.133772
31.15	-0.140714
31.16	-0.188056
31.17	-0.151094
31.18	-0.186208
31.19	-0.155579
31.2	-0.169596
31.21	-0.195843
31.22	-0.110472
31.23	-0.177097
31.24	-0.17711
31.25	-0.194453
31.26	-0.221103
31.27	-0.126454
31.28	-0.149437
31.29	-0.136666
31.3	-0.129019
31.31	-0.155152
31.32	-0.084827
31.33	-0.0897055
31.34	-0.0649773
31.35	-0.0610367
31.36	-0.0872852
31.37	-0.0473452
31.38	-0.102226
31.39	-0.0537334
31.4	-0.0175967
31.41	-0.0225175
31.42	0.022926
31.43	-0.0462275
31.44	-0.0059562
31.45	0.00381383
31.46	-0.0392539
31.47	-0.00044975
31.48	-0.0301931
31.49	0.00510166
31.5	0.0155966
31.51	-0.0118764
31.52	0.00631499
31.53	-0.0635199
31.54	-0.0412163
31.55	-0.0168772
31.56	-0.0360157
31.57	0.0379574
31.58	-0.00106743
31.59	-0.0360352
31.6	-0.0689815
31.61	-0.07733
31.62	0.0233821
31.63	-0.0131219
31.64	-0.0572663
31.65	0.0336678
31.66	0.0643243
31.67	0.133779
31.68	0.056873
31.69	-0.00100961
31.7	-0.00974794
31.71	-0.0776609
31.72	-0.0423754
31.73	-0.0814943
31.74	-0.0813834
31.75	-0.0656921
31.76	0.0722568
31.77	0.699995
31.78	1.1856
31.79	1.07853
31.8	0.629304
31.81	0.175387
31.82	-0.00107151
31.83	-0.11658
31.84	-0.107804
31.85	-0.0881573
31.86	-0.13821
31.87	-0.0877316
31.88	-0.125557
31.89	-0.119735
31.9	-0.0777922
31.91	-0.128503
31.92	-0.0915361
31.93	-0.115151
31.94	-0.107854
31.95	-0.0877561
31.96	-0.138811
31.97	-0.0937253
31.98	-0.14123
31.99	-0.117361
32	-0.0795106
32.01	-0.121303
32.02	-0.0752391
32.03	-0.114982
32.04	-0.0865602
32.05	-0.048424
32.06	-0.0674469
32.07	-0.01805
32.08	-0.0535036
32.09	-0.0328842
32.1	-0.0112462
32.11	-0.0499293
32.12	-0.004568
32.13	-0.0336981
32.14	-0.0201822
32.15	-0.0130247
32.16	-0.0453094
32.17	0.0250891
32.18	-0.0422495
32.19	-0.0333072
32.2	-0.000855607
32.21	-0.0653511
32.22	-0.0453163
32.23	-0.0873148
32.24	-0.0412432
32.25	-0.0158443
32.26	-0.0872519
32.27	-0.0447111
32.28	-0.0907132
32.29	-0.091485
32.3	-0.0428964
32.31	-0.0714657
32.32	-0.027225
32.33	-0.0691253
32.34	-0.0358592
32.35	0.0057876
32.36	-0.0550847
32.37	0.0114849
32.38	0.0573669
32.39	0.119553
32.4	0.110586
32.41	0.0141733
32.42	0.00783766
32.43	-0.0745617
32.44	-0.0726606
32.45	-0.0447606
32.46	-0.0996686
32.47	-0.080952
32.48	-0.113872
32.49	0.145071
32.5	0.773147
